time_dn,aircraft_velocity_e_mps,aircraft_velocity_u_mps,aircraft_velocity_n_mps,aircraft_elevation_trim,aircraft_aileron_trim,aircraft_latitude_deg,aircraft_longitude_deg,aircraft_elevation_m,aircraft_agl_altitude_m,aircraft_pitch_deg,aircraft_roll_deg,aircraft_indicated_airspeed_kias,aircraft_groundspeed_mps,aircraft_climb_rate_mps,aircraft_yaw_deg,aircraft_ils_deflection_gs,aircraft_ils_deflection_h,aircraft_landing_gear
738533.39455088379327207804,56.9015083312988,-1.54270100593567,8.74109745025635,0.0117647647857666,0.00392162799835205,42.4984931945801,-71.5858306884766,1326.03332519531,1203.9248046875,23.9623928070068,80.5861129760742,114.736366271973,57.5207633972168,-1.18199837207794,-2.85179829597473,-0.0882352888584137,0.127451121807098,70
738533.39455286541488021612,56.9015083312988,-1.54270100593567,8.74109745025635,0.0117647647857666,0.00392162799835205,42.4984931945801,-71.5858306884766,1326.03332519531,1203.9248046875,23.9623928070068,80.5861129760742,114.736366271973,57.5207633972168,-1.18199837207794,-2.85179829597473,-0.0882352888584137,0.127451121807098,70
738533.39455482596531510353,56.9015083312988,-1.54270100593567,8.74109745025635,0.0117647647857666,0.00392162799835205,42.4984931945801,-71.5858306884766,1326.03332519531,1203.9248046875,23.9623928070068,80.5861129760742,114.736366271973,57.5207633972168,-1.18199837207794,-2.85179829597473,-0.0882352888584137,0.127451121807098,70
738533.39455682307016104460,56.9015083312988,-1.54270100593567,8.74109745025635,0.0117647647857666,0.00392162799835205,42.4984931945801,-71.5858306884766,1326.03332519531,1203.9248046875,23.9623928070068,80.5861129760742,114.736366271973,57.5207633972168,-1.18199837207794,-2.85179829597473,-0.0882352888584137,0.127451121807098,70
738533.39455871202517300844,56.9015083312988,-1.54270100593567,8.74109745025635,0.0117647647857666,0.00392162799835205,42.4984931945801,-71.5858306884766,1326.03332519531,1203.9248046875,23.9623928070068,80.5861129760742,114.736366271973,57.5207633972168,-1.18199837207794,-2.85179829597473,-0.0882352888584137,0.127451121807098,70
738533.39456063741818070412,56.9015083312988,-1.54270100593567,8.74109745025635,0.0117647647857666,0.00392162799835205,42.4984931945801,-71.5858306884766,1326.03332519531,1203.9248046875,23.9623928070068,80.5861129760742,114.736366271973,57.5207633972168,-1.18199837207794,-2.85179829597473,-0.0882352888584137,0.127451121807098,70
738533.39456263126339763403,56.9015083312988,-1.54270100593567,8.74109745025635,0.0117647647857666,0.00392162799835205,42.4984931945801,-71.5858306884766,1326.03332519531,1203.9248046875,23.9623928070068,80.5861129760742,114.736366271973,57.5207633972168,-1.18199837207794,-2.85179829597473,-0.0882352888584137,0.127451121807098,70
738533.39456457342021167278,56.9015083312988,-1.54270100593567,8.74109745025635,0.0117647647857666,0.00392162799835205,42.4984931945801,-71.5858306884766,1326.03332519531,1203.9248046875,23.9623928070068,80.5861129760742,114.736366271973,57.5207633972168,-1.18199837207794,-2.85179829597473,-0.0882352888584137,0.127451121807098,70
738533.39456658856943249702,56.9015083312988,-1.54270100593567,8.74109745025635,0.0117647647857666,0.00392162799835205,42.4984931945801,-71.5858306884766,1326.03332519531,1203.9248046875,23.9623928070068,80.5861129760742,114.736366271973,57.5207633972168,-1.18199837207794,-2.85179829597473,-0.0882352888584137,0.127451121807098,70
738533.39456889382563531399,56.9015083312988,-1.54270100593567,8.74109745025635,0.0117647647857666,0.00392162799835205,42.4984931945801,-71.5858306884766,1326.03332519531,1203.9248046875,23.9623928070068,80.5861129760742,114.736366271973,57.5207633972168,-1.18199837207794,-2.85179829597473,-0.0882352888584137,0.127451121807098,70
738533.39457085938192903996,56.9015083312988,-1.54270100593567,8.74109745025635,0.0117647647857666,0.00392162799835205,42.4984931945801,-71.5858306884766,1326.03332519531,1203.9248046875,23.9623928070068,80.5861129760742,114.736366271973,57.5207633972168,-1.18199837207794,-2.85179829597473,-0.0882352888584137,0.127451121807098,70
738533.39457276521716266870,56.9015083312988,-1.54270100593567,8.74109745025635,0.0117647647857666,0.00392162799835205,42.4984931945801,-71.5858306884766,1326.03332519531,1203.9248046875,23.9623928070068,80.5861129760742,114.736366271973,57.5207633972168,-1.18199837207794,-2.85179829597473,-0.0882352888584137,0.127451121807098,70
738533.39457478933036327362,56.9015083312988,-1.54270100593567,8.74109745025635,0.0117647647857666,0.00392162799835205,42.4984931945801,-71.5858306884766,1326.03332519531,1203.9248046875,23.9623928070068,80.5861129760742,114.736366271973,57.5207633972168,-1.18199837207794,-2.85179829597473,-0.0882352888584137,0.127451121807098,70
738533.39457671018317341805,56.9015083312988,-1.54270100593567,8.74109745025635,0.0117647647857666,0.00392162799835205,42.4984931945801,-71.5858306884766,1326.03332519531,1203.9248046875,23.9623928070068,80.5861129760742,114.736366271973,57.5207633972168,-1.18199837207794,-2.85179829597473,-0.0882352888584137,0.127451121807098,70
738533.39457867189776152372,56.9015083312988,-1.54270100593567,8.74109745025635,0.0117647647857666,0.00392162799835205,42.4984931945801,-71.5858306884766,1326.03332519531,1203.9248046875,23.9623928070068,80.5861129760742,114.736366271973,57.5207633972168,-1.18199837207794,-2.85179829597473,-0.0882352888584137,0.127451121807098,70
738533.39458066411316394806,56.9015083312988,-1.54270100593567,8.74109745025635,0.0117647647857666,0.00392162799835205,42.4984931945801,-71.5858306884766,1326.03332519531,1203.9248046875,23.9623928070068,80.5861129760742,114.736366271973,57.5207633972168,-1.18199837207794,-2.85179829597473,-0.0882352888584137,0.127451121807098,70
738533.39458262489642947912,56.9015083312988,-1.54270100593567,8.74109745025635,0.0117647647857666,0.00392162799835205,42.4984931945801,-71.5858306884766,1326.03332519531,1203.9248046875,23.9623928070068,80.5861129760742,114.736366271973,57.5207633972168,-1.18199837207794,-2.85179829597473,-0.0882352888584137,0.127451121807098,70
738533.39458452246617525816,56.9015083312988,-1.54270100593567,8.74109745025635,0.0117647647857666,0.00392162799835205,42.4984931945801,-71.5858306884766,1326.03332519531,1203.9248046875,23.9623928070068,80.5861129760742,114.736366271973,57.5207633972168,-1.18199837207794,-2.85179829597473,-0.0882352888584137,0.127451121807098,70
738533.39458651759196072817,56.9015083312988,-1.54270100593567,8.74109745025635,0.0117647647857666,0.00392162799835205,42.4984931945801,-71.5858306884766,1326.03332519531,1203.9248046875,23.9623928070068,80.5861129760742,114.736366271973,57.5207633972168,-1.18199837207794,-2.85179829597473,-0.0882352888584137,0.127451121807098,70
738533.39458851027302443981,56.9015083312988,-1.54270100593567,8.74109745025635,0.0117647647857666,0.00392162799835205,42.4984931945801,-71.5858306884766,1326.03332519531,1203.9248046875,23.9623928070068,80.5861129760742,114.736366271973,57.5207633972168,-1.18199837207794,-2.85179829597473,-0.0882352888584137,0.127451121807098,70
738533.39459045114926993847,56.9015083312988,-1.54270100593567,8.74109745025635,0.0117647647857666,0.00392162799835205,42.4984931945801,-71.5858306884766,1326.03332519531,1203.9248046875,23.9623928070068,80.5861129760742,114.736366271973,57.5207633972168,-1.18199837207794,-2.85179829597473,-0.0882352888584137,0.127451121807098,70
738533.39459243474993854761,56.9015083312988,-1.54270100593567,8.74109745025635,0.0117647647857666,0.00392162799835205,42.4984931945801,-71.5858306884766,1326.03332519531,1203.9248046875,23.9623928070068,80.5861129760742,114.736366271973,57.5207633972168,-1.18199837207794,-2.85179829597473,-0.0882352888584137,0.127451121807098,70
738533.39459432451985776424,56.9015083312988,-1.54270100593567,8.74109745025635,0.0117647647857666,0.00392162799835205,42.4984931945801,-71.5858306884766,1326.03332519531,1203.9248046875,23.9623928070068,80.5861129760742,114.736366271973,57.5207633972168,-1.18199837207794,-2.85179829597473,-0.0882352888584137,0.127451121807098,70
738533.39459626993630081415,56.9015083312988,-1.54270100593567,8.74109745025635,0.0117647647857666,0.00392162799835205,42.4984931945801,-71.5858306884766,1326.03332519531,1203.9248046875,23.9623928070068,80.5861129760742,114.736366271973,57.5207633972168,-1.18199837207794,-2.85179829597473,-0.0882352888584137,0.127451121807098,70
738533.39459829812403768301,56.9015083312988,-1.54270100593567,8.74109745025635,0.0117647647857666,0.00392162799835205,42.4984931945801,-71.5858306884766,1326.03332519531,1203.9248046875,23.9623928070068,80.5861129760742,114.736366271973,57.5207633972168,-1.18199837207794,-2.85179829597473,-0.0882352888584137,0.127451121807098,70
738533.39460027846507728100,56.9015083312988,-1.54270100593567,8.74109745025635,0.0117647647857666,0.00392162799835205,42.4984931945801,-71.5858306884766,1326.03332519531,1203.9248046875,23.9623928070068,80.5861129760742,114.736366271973,57.5207633972168,-1.18199837207794,-2.85179829597473,-0.0882352888584137,0.127451121807098,70
738533.39460218953900039196,56.9015083312988,-1.54270100593567,8.74109745025635,0.0117647647857666,0.00392162799835205,42.4984931945801,-71.5858306884766,1326.03332519531,1203.9248046875,23.9623928070068,80.5861129760742,114.736366271973,57.5207633972168,-1.18199837207794,-2.85179829597473,-0.0882352888584137,0.127451121807098,70
738533.39460414508357644081,56.9015083312988,-1.54270100593567,8.74109745025635,0.0117647647857666,0.00392162799835205,42.4984931945801,-71.5858306884766,1326.03332519531,1203.9248046875,23.9623928070068,80.5861129760742,114.736366271973,57.5207633972168,-1.18199837207794,-2.85179829597473,-0.0882352888584137,0.127451121807098,70
738533.39460609480738639832,56.9015083312988,-1.54270100593567,8.74109745025635,0.0117647647857666,0.00392162799835205,42.4984931945801,-71.5858306884766,1326.03332519531,1203.9248046875,23.9623928070068,80.5861129760742,114.736366271973,57.5207633972168,-1.18199837207794,-2.85179829597473,-0.0882352888584137,0.127451121807098,70
738533.39460801787208765745,56.9015083312988,-1.54270100593567,8.74109745025635,0.0117647647857666,0.00392162799835205,42.4984931945801,-71.5858306884766,1326.03332519531,1203.9248046875,23.9623928070068,80.5861129760742,114.736366271973,57.5207633972168,-1.18199837207794,-2.85179829597473,-0.0882352888584137,0.127451121807098,70
738533.39460998179856687784,56.9015083312988,-1.54270100593567,8.74109745025635,0.0117647647857666,0.00392162799835205,42.4984931945801,-71.5858306884766,1326.03332519531,1203.9248046875,23.9623928070068,80.5861129760742,114.736366271973,57.5207633972168,-1.18199837207794,-2.85179829597473,-0.0882352888584137,0.127451121807098,70
738533.39461200474761426449,56.9015083312988,-1.54270100593567,8.74109745025635,0.0117647647857666,0.00392162799835205,42.4984931945801,-71.5858306884766,1326.03332519531,1203.9248046875,23.9623928070068,80.5861129760742,114.736366271973,57.5207633972168,-1.18199837207794,-2.85179829597473,-0.0882352888584137,0.127451121807098,70
738533.39461400301661342382,56.9015083312988,-1.54270100593567,8.74109745025635,0.0117647647857666,0.00392162799835205,42.4984931945801,-71.5858306884766,1326.03332519531,1203.9248046875,23.9623928070068,80.5861129760742,114.736366271973,57.5207633972168,-1.18199837207794,-2.85179829597473,-0.0882352888584137,0.127451121807098,70
738533.39461601502262055874,56.9015083312988,-1.54270100593567,8.74109745025635,0.0117647647857666,0.00392162799835205,42.4984931945801,-71.5858306884766,1326.03332519531,1203.9248046875,23.9623928070068,80.5861129760742,114.736366271973,57.5207633972168,-1.18199837207794,-2.85179829597473,-0.0882352888584137,0.127451121807098,70
738533.39461791596841067076,56.9015083312988,-1.54270100593567,8.74109745025635,0.0117647647857666,0.00392162799835205,42.4984931945801,-71.5858306884766,1326.03332519531,1203.9248046875,23.9623928070068,80.5861129760742,114.736366271973,57.5207633972168,-1.18199837207794,-2.85179829597473,-0.0882352888584137,0.127451121807098,70
738533.39461984590161591768,56.9015083312988,-1.54270100593567,8.74109745025635,0.0117647647857666,0.00392162799835205,42.4984931945801,-71.5858306884766,1326.03332519531,1203.9248046875,23.9623928070068,80.5861129760742,114.736366271973,57.5207633972168,-1.18199837207794,-2.85179829597473,-0.0882352888584137,0.127451121807098,70
738533.39462189760524779558,56.9015083312988,-1.54270100593567,8.74109745025635,0.0117647647857666,0.00392162799835205,42.4984931945801,-71.5858306884766,1326.03332519531,1203.9248046875,23.9623928070068,80.5861129760742,114.736366271973,57.5207633972168,-1.18199837207794,-2.85179829597473,-0.0882352888584137,0.127451121807098,70
738533.39462381426710635424,56.9015083312988,-1.54270100593567,8.74109745025635,0.0117647647857666,0.00392162799835205,42.4984931945801,-71.5858306884766,1326.03332519531,1203.9248046875,23.9623928070068,80.5861129760742,114.736366271973,57.5207633972168,-1.18199837207794,-2.85179829597473,-0.0882352888584137,0.127451121807098,70
738533.39462577493395656347,56.9015083312988,-1.54270100593567,8.74109745025635,0.0117647647857666,0.00392162799835205,42.4984931945801,-71.5858306884766,1326.03332519531,1203.9248046875,23.9623928070068,80.5861129760742,114.736366271973,57.5207633972168,-1.18199837207794,-2.85179829597473,-0.0882352888584137,0.127451121807098,70
738533.39462775492575019598,56.9015083312988,-1.54270100593567,8.74109745025635,0.0117647647857666,0.00392162799835205,42.4984931945801,-71.5858306884766,1326.03332519531,1203.9248046875,23.9623928070068,80.5861129760742,114.736366271973,57.5207633972168,-1.18199837207794,-2.85179829597473,-0.0882352888584137,0.127451121807098,70
738533.39462977135553956032,56.9015083312988,-1.54270100593567,8.74109745025635,0.0117647647857666,0.00392162799835205,42.4984931945801,-71.5858306884766,1326.03332519531,1203.9248046875,23.9623928070068,80.5861129760742,114.736366271973,57.5207633972168,-1.18199837207794,-2.85179829597473,-0.0882352888584137,0.127451121807098,70
738533.39463180827442556620,56.9015083312988,-1.54270100593567,8.74109745025635,0.0117647647857666,0.00392162799835205,42.4984931945801,-71.5858306884766,1326.03332519531,1203.9248046875,23.9623928070068,80.5861129760742,114.736366271973,57.5207633972168,-1.18199837207794,-2.85179829597473,-0.0882352888584137,0.127451121807098,70
738533.39463379117660224438,56.9015083312988,-1.54270100593567,8.74109745025635,0.0117647647857666,0.00392162799835205,42.4984931945801,-71.5858306884766,1326.03332519531,1203.9248046875,23.9623928070068,80.5861129760742,114.736366271973,57.5207633972168,-1.18199837207794,-2.85179829597473,-0.0882352888584137,0.127451121807098,70
738533.39463579514995217323,56.9015083312988,-1.54270100593567,8.74109745025635,0.0117647647857666,0.00392162799835205,42.4984931945801,-71.5858306884766,1326.03332519531,1203.9248046875,23.9623928070068,80.5861129760742,114.736366271973,57.5207633972168,-1.18199837207794,-2.85179829597473,-0.0882352888584137,0.127451121807098,70
738533.39463779947254806757,56.9015083312988,-1.54270100593567,8.74109745025635,0.0117647647857666,0.00392162799835205,42.4984931945801,-71.5858306884766,1326.03332519531,1203.9248046875,23.9623928070068,80.5861129760742,114.736366271973,57.5207633972168,-1.18199837207794,-2.85179829597473,-0.0882352888584137,0.127451121807098,70
738533.39463970740325748920,56.9015083312988,-1.54270100593567,8.74109745025635,0.0117647647857666,0.00392162799835205,42.4984931945801,-71.5858306884766,1326.03332519531,1203.9248046875,23.9623928070068,80.5861129760742,114.736366271973,57.5207633972168,-1.18199837207794,-2.85179829597473,-0.0882352888584137,0.127451121807098,70
738533.39464169007260352373,56.8161544799805,-1.19756424427032,8.67198467254639,0.0117647647857666,0.00392162799835205,42.4984855651855,-71.5857543945312,1325.841796875,1204.70690917969,0.417516529560089,1.24572145938873,118.84538269043,57.4866333007812,-1.15427851676941,-1.80556035041809,-0.0717077776789665,0.15584608912468,70
738533.39464380545541644096,56.6167869567871,-1.24786055088043,8.6234769821167,0.0117647647857666,0.00392162799835205,42.4984703063965,-71.5856246948242,1325.54211425781,1204.03369140625,0.117360547184944,1.16411316394806,121.877265930176,57.2833480834961,-1.16972625255585,-2.13036751747131,-0.0845432728528976,0.175525888800621,70
738533.39464586891699582338,56.4087181091309,-1.21050369739532,8.52913856506348,0.0117647647857666,0.00392162799835205,42.4984588623047,-71.5855026245117,1325.24719238281,1203.36682128906,-0.829639315605164,1.1105751991272,122.11491394043,57.0627250671387,-1.22325432300568,-0.402354419231415,-0.0894346609711647,0.178758591413498,70
738533.39464800246059894562,56.2448768615723,-1.37014305591583,8.41241836547852,0.0117647647857666,0.00392162799835205,42.4984436035156,-71.5853729248047,1324.92907714844,1202.66137695312,-1.98104989528656,1.07900977134705,120.728149414062,56.8870124816895,-1.29246389865875,2.11268591880798,-0.0905556753277779,0.17490790784359,70
738533.39465013868175446987,56.139820098877,-1.68106508255005,8.31181049346924,0.0117647647857666,0.00392162799835205,42.4984321594238,-71.5852508544922,1324.57360839844,1201.92980957031,-1.96924293041229,1.05460548400879,118.672370910645,56.7766799926758,-1.37508273124695,4.34805536270142,-0.0899476259946823,0.168718844652176,70
738533.39465248910710215569,55.9965209960938,-1.90850508213043,8.26338863372803,0.0117647647857666,0.00392162799835205,42.4984169006348,-71.5851135253906,1324.12463378906,1201.06811523438,-1.33310985565186,0.97506195306778,116.354194641113,56.6351165771484,-1.49747693538666,4.21920394897461,-0.0886838436126709,0.161442488431931,70
738533.39465450460556894541,55.8114433288574,-1.68253362178802,8.34662342071533,0.0117647647857666,0.00392162799835205,42.498405456543,-71.5849990844727,1323.74462890625,1200.33203125,-2.57835340499878,1.057084441185,114.762550354004,56.4571876525879,-1.61899065971375,0.783895671367645,-0.0874730795621872,0.155549749732018,70
738533.39465669728815555573,55.6133155822754,-1.7614244222641,8.46207618713379,0.0117647647857666,0.00392162799835205,42.4983901977539,-71.5848693847656,1323.33874511719,1199.533203125,-3.91643500328064,1.35284602642059,113.744750976562,56.2809906005859,-1.73395586013794,-2.53582620620728,-0.0859561562538147,0.149767890572548,70
738533.39465892477892339230,55.3938369750977,-2.0730459690094,8.39768218994141,0.0117647647857666,0.00392162799835205,42.4983749389648,-71.5847396850586,1322.88830566406,1198.69140625,-2.59445977210999,1.57089412212372,113.242713928223,56.0651054382324,-1.83709132671356,0.410874962806702,-0.084443673491478,0.144779235124588,70
738533.39466084900777786970,55.1586418151855,-2.23094034194946,8.32738304138184,0.0117647647857666,0.00392162799835205,42.498363494873,-71.5846252441406,1322.44714355469,1197.90454101562,-0.946589052677155,1.67460370063782,112.823310852051,55.8282928466797,-1.93897008895874,3.18755722045898,-0.0833205580711365,0.140973150730133,70
738533.39466311596333980560,54.8668251037598,-2.26868295669556,8.38614463806152,0.0117647647857666,0.00392162799835205,42.4983520507812,-71.5844955444336,1321.93103027344,1197.01428222656,-1.20415771007538,1.80960917472839,112.183563232422,55.5503616333008,-2.06500196456909,1.38978445529938,-0.082307256758213,0.137282088398933,70
738533.39466545311734080315,54.5494842529297,-2.44509482383728,8.49589538574219,0.0117647647857666,0.00392162799835205,42.4983367919922,-71.584358215332,1321.37329101562,1196.35717773438,-2.46124958992004,1.92760479450226,111.457046508789,55.2612419128418,-2.19512987136841,-1.77767932415009,-0.0814619287848473,0.134028300642967,70
738533.39466742344666272402,54.1904830932617,-2.71974658966064,8.52797222137451,0.0117647647857666,0.00392162799835205,42.4983253479004,-71.5842437744141,1320.87048339844,1195.77282714844,-2.50839924812317,1.9892053604126,110.96662902832,54.9247817993164,-2.30655121803284,-2.37358617782593,-0.0809783041477203,0.131724432110786,70
738533.39466961985453963280,53.7675704956055,-3.00953102111816,8.51653957366943,0.0117647647857666,0.00392162799835205,42.4983100891113,-71.5841217041016,1320.22888183594,1195.03686523438,-1.96457767486572,2.0174241065979,110.49259185791,54.5210113525391,-2.45465803146362,-1.3561098575592,-0.0808013156056404,0.129417791962624,70
738533.39467181486543267965,53.3844032287598,-3.19530439376831,8.46763038635254,0.0117647647857666,0.00392162799835205,42.4982948303223,-71.5839920043945,1319.56359863281,1194.28088378906,-2.49476981163025,2.00266122817993,109.952377319336,54.1461448669434,-2.61960697174072,0.594652652740479,-0.0810662657022476,0.127491667866707,70
738533.39467410475481301546,53.0509223937988,-3.44780039787292,8.44072914123535,0.0117647647857666,0.00392162799835205,42.4982833862305,-71.583869934082,1318.83483886719,1193.45849609375,-4.23598766326904,1.97709310054779,109.169548034668,53.828742980957,-2.80410671234131,1.33261144161224,-0.0817476585507393,0.125756904482841,70
738533.39467630244325846434,52.7525291442871,-3.92349743843079,8.48129844665527,0.0117647647857666,0.00392162799835205,42.4982681274414,-71.5837478637695,1318.06164550781,1192.59558105469,-5.13511180877686,1.98202669620514,108.255432128906,53.5738334655762,-2.99726605415344,-0.373427033424377,-0.0828434154391289,0.124290406703949,70
738533.39467840699944645166,52.4274024963379,-4.44215154647827,8.53802013397217,0.0117647647857666,0.00392162799835205,42.4982528686523,-71.583625793457,1317.21423339844,1191.66235351562,-3.87579536437988,2.02403855323792,107.434196472168,53.3034973144531,-3.21789073944092,-2.12119269371033,-0.0845048502087593,0.123036444187164,70
738533.39468049060087651014,52.11865234375,-4.39529371261597,8.51940536499023,0.0117647647857666,0.00392162799835205,42.4982414245605,-71.5835113525391,1316.32800292969,1190.69055175781,-4.09871625900269,2.01288461685181,106.854515075684,52.9929504394531,-3.47563290596008,-0.624055683612823,-0.0868221670389175,0.121900349855423,70
738533.39468268549535423517,51.8484039306641,-4.76540851593018,8.43765735626221,0.0117647647857666,0.00392162799835205,42.4982261657715,-71.5833969116211,1315.41345214844,1189.68969726562,-5.71077442169189,1.91531872749329,106.398338317871,52.7461891174316,-3.73294901847839,1.87483644485474,-0.0895327776670456,0.120849683880806,70
738533.39468476665206253529,51.5751037597656,-5.33432054519653,8.44991683959961,0.0117647647857666,0.00392162799835205,42.4982147216797,-71.5832824707031,1314.41223144531,1188.60400390625,-5.06560230255127,1.8664482831955,105.816917419434,52.5342483520508,-3.99454975128174,0.895546615123749,-0.0926853641867638,0.119905419647694,70
738533.39468688634224236012,51.3093414306641,-5.59719657897949,8.52656269073486,0.0117647647857666,0.00392162799835205,42.4981994628906,-71.5831680297852,1313.33740234375,1187.72192382812,-5.09050893783569,2.62444400787354,105.076675415039,52.3132781982422,-4.28484106063843,-1.21926295757294,-0.0965068563818932,0.119028553366661,70
738533.39468898554332554340,51.0829200744629,-5.76307058334351,8.57134056091309,0.0117647647857666,0.00392162799835205,42.4981880187988,-71.5830535888672,1312.22998046875,1187.06689453125,-6.92944383621216,3.17316579818726,104.436340332031,52.1166534423828,-4.58640575408936,-1.07861149311066,-0.100876055657864,0.118204280734062,70
738533.39469117415137588978,50.8489418029785,-6.18261051177979,8.5473575592041,0.0117647647857666,0.00392162799835205,42.4981727600098,-71.5829391479492,1311.04443359375,1186.34155273438,-7.96124172210693,3.13735175132751,104.168876647949,51.9316558837891,-4.89100170135498,0.984060823917389,-0.105799205601215,0.117404468357563,70
738533.39469331537839025259,50.599479675293,-6.58264017105103,8.51363277435303,0.0117647647857666,0.00392162799835205,42.498161315918,-71.5828170776367,1309.77526855469,1185.53112792969,-7.07569742202759,3.10371088981628,104.265396118164,51.7312316894531,-5.20313787460327,2.91965198516846,-0.111300595104694,0.116640023887157,70
738533.39469559956341981888,50.3519287109375,-6.83716058731079,8.54717922210693,0.0117647647857666,0.00392162799835205,42.4981460571289,-71.5827026367188,1308.40380859375,1184.63146972656,-6.79746055603027,3.18243408203125,104.407638549805,51.5278358459473,-5.53626012802124,2.84836578369141,-0.117618247866631,0.115869455039501,70
738533.39469786151312291622,50.1332855224609,-7.15495777130127,8.61612701416016,0.0117647647857666,0.00392162799835205,42.4981307983398,-71.5825805664062,1306.96081542969,1183.66516113281,-7.97119760513306,3.36590027809143,104.317321777344,51.3690299987793,-5.87195539474487,1.97518837451935,-0.124592572450638,0.115100689232349,70
738533.39470008190255612135,49.917366027832,-7.73659610748291,8.65615463256836,0.0117647647857666,0.00392162799835205,42.4981155395508,-71.5824661254883,1305.43701171875,1182.61328125,-8.29071521759033,3.50950884819031,103.992034912109,51.2496566772461,-6.20599031448364,1.8580105304718,-0.132114261388779,0.114348068833351,70
738533.39470235351473093033,49.7024192810059,-8.28226852416992,8.71188545227051,0.0117647647857666,0.00392162799835205,42.4981002807617,-71.5823440551758,1303.80639648438,1181.45080566406,-7.43006563186646,3.60374426841736,103.450607299805,51.1353454589844,-6.56193447113037,1.40020775794983,-0.140389189124107,0.113604858517647,70
738533.39470446924678981304,49.4899253845215,-8.79726028442383,8.75587558746338,0.0117647647857666,0.00392162799835205,42.4980888366699,-71.5822372436523,1302.15661621094,1180.24475097656,-6.87994575500488,3.71543097496033,102.737785339355,51.0226402282715,-6.92986488342285,1.2589191198349,-0.149085402488708,0.112903527915478,70
738533.39470659475773572922,49.2795944213867,-9.262451171875,8.78833389282227,0.0117647647857666,0.00392162799835205,42.4980735778809,-71.5821228027344,1300.41796875,1178.94763183594,-7.0057578086853,3.73088145256042,101.959312438965,50.9068412780762,-7.32479572296143,1.53546404838562,-0.15858756005764,0.11220546066761,70
738533.39470880420412868261,49.0852584838867,-9.65100860595703,8.84681606292725,0.0117647647857666,0.00392162799835205,42.4980583190918,-71.5820083618164,1298.55407714844,1177.12854003906,-8.0682258605957,3.71322584152222,101.235008239746,50.8012847900391,-7.74994945526123,1.16730844974518,-0.169138297438622,0.111483320593834,70
738533.39471111609600484371,48.9338073730469,-10.063380241394,8.91532802581787,0.0117647647857666,0.00392162799835205,42.4980430603027,-71.5818939208984,1296.49536132812,1174.91345214844,-10.2291536331177,3.7150297164917,100.574981689453,50.747142791748,-8.20902919769287,0.782998025417328,-0.181172117590904,0.110700450837612,70
738533.39471337804570794106,48.8186264038086,-10.5841093063354,8.96610546112061,0.0117647647857666,0.00392162799835205,42.4980278015137,-71.5817794799805,1294.4453125,1172.71374511719,-11.7318735122681,3.71781039237976,100.052780151367,50.7510871887207,-8.64450454711914,0.824566543102264,-0.193372741341591,0.109941191971302,70
738533.39471569203305989504,48.6910095214844,-11.2065982818604,8.99198055267334,0.0117647647857666,0.00392162799835205,42.4980125427246,-71.581657409668,1292.17553710938,1170.28637695312,-11.7685604095459,3.68360233306885,99.6241149902344,50.7667007446289,-9.11164379119873,1.62133264541626,-0.207050830125809,0.109114967286587,70
738533.39471789938397705555,48.5843353271484,-11.6903743743896,9.01730442047119,0.0117647647857666,0.00392162799835205,42.4979972839355,-71.58154296875,1289.91052246094,1167.87133789062,-11.3895282745361,3.64547634124756,99.366828918457,50.7780876159668,-9.5731782913208,2.52159738540649,-0.220980107784271,0.108308888971806,70
738533.39472017576918005943,48.5285034179688,-12.0323390960693,9.09386348724365,0.0117647647857666,0.00392162799835205,42.4979820251465,-71.581428527832,1287.54089355469,1165.34936523438,-11.9924411773682,3.69029426574707,99.3578186035156,50.8182144165039,-10.0496101379395,2.1828989982605,-0.235932126641273,0.107473812997341,70
738533.39472247986122965813,48.5450973510742,-12.3811807632446,9.25507545471191,0.0117647647857666,0.00392162799835205,42.4979667663574,-71.5813140869141,1285.02978515625,1162.67919921875,-13.3200254440308,3.89461255073547,99.6865386962891,50.9468040466309,-10.5344123840332,-0.264161765575409,-0.252110242843628,0.106588512659073,70
738533.39472446846775710583,48.5507431030273,-12.8846349716187,9.41738891601562,0.0117647647857666,0.00392162799835205,42.4979553222656,-71.5812072753906,1282.76477050781,1160.27294921875,-13.7337427139282,4.15301656723022,100.155731201172,51.1065139770508,-10.9408884048462,-3.13728356361389,-0.266829252243042,0.10579888522625,70
738533.39472643542103469372,48.5548782348633,-13.3725481033325,9.51826190948486,0.0117647647857666,0.00392162799835205,42.4979400634766,-71.5811080932617,1280.42517089844,1157.79223632812,-12.6432771682739,4.28993558883667,100.475219726562,51.2542533874512,-11.3446273803711,-3.38663506507874,-0.28203022480011,0.105000391602516,70
738533.39472856803331524134,48.6055641174316,-13.6365118026733,9.53433990478516,0.0117647647857666,0.00392162799835205,42.4979248046875,-71.5810012817383,1277.88342285156,1155.09973144531,-13.3152570724487,4.26770401000977,100.427536010742,51.3746910095215,-11.777214050293,0.145658686757088,-0.298883140087128,0.104137718677521,70
738533.39473075827118009329,48.6252593994141,-14.1880474090576,9.5775785446167,0.0117647647857666,0.00392162799835205,42.4979095458984,-71.5808868408203,1275.17358398438,1152.23364257812,-14.6690721511841,4.20427751541138,100.159408569336,51.5504264831543,-12.2179002761841,1.38801729679108,-0.317015290260315,0.103211082518101,70
738533.39473290683235973120,48.619815826416,-14.7944049835205,9.73265075683594,0.0117647647857666,0.00392162799835205,42.4978942871094,-71.5807800292969,1272.45471191406,1149.36303710938,-13.8678569793701,4.33575296401978,99.9599609375,51.7444229125977,-12.6471920013428,-1.38945746421814,-0.335192680358887,0.102292120456696,70
738533.39473514212295413017,48.7487182617188,-15.1514501571655,9.90216064453125,0.0117647647857666,0.00392162799835205,42.4978790283203,-71.5806655883789,1269.51037597656,1146.25732421875,-13.1457452774048,4.49903583526611,99.8460311889648,52.000545501709,-13.1159296035767,-2.56991457939148,-0.355147540569305,0.10129725933075,70
738533.39473728288430720568,49.0527191162109,-15.2593612670898,9.98630428314209,0.0117647647857666,0.00392162799835205,42.497859954834,-71.5805511474609,1266.59411621094,1143.18127441406,-14.7828559875488,4.5927996635437,99.8550186157227,52.3330078125,-13.5688076019287,0.220207929611206,-0.375384747982025,0.10029848664999,70
738533.39473946136422455311,49.426342010498,-15.664719581604,10.0290946960449,0.0117647647857666,0.00392162799835205,42.4978446960449,-71.580436706543,1263.61059570312,1140.03601074219,-16.1911029815674,4.03554201126099,100.073547363281,52.8103179931641,-13.9933433532715,3.20096802711487,-0.39620903134346,0.0992637872695923,70
738533.39474164403509348631,49.8118362426758,-16.17991065979,10.1518096923828,0.0117647647857666,0.00392162799835205,42.4978294372559,-71.580322265625,1260.50122070312,1136.76184082031,-15.1784420013428,2.96385359764099,100.409881591797,53.3485488891602,-14.4058570861816,2.84514021873474,-0.417821139097214,0.0981843769550323,70
738533.39474388910457491875,50.2248153686523,-16.4460067749023,10.3637237548828,0.0117647647857666,0.00392162799835205,42.4978103637695,-71.580207824707,1257.35888671875,1133.45458984375,-13.4236850738525,2.58177399635315,100.728912353516,53.8554534912109,-14.811861038208,0.0139034893363714,-0.439812123775482,0.0970859751105309,70
738533.39474606257863342762,50.6995124816895,-16.4739074707031,10.5797748565674,0.0117647647857666,0.00392162799835205,42.4977951049805,-71.5800933837891,1254.10485839844,1130.02758789062,-13.2079734802246,2.61834836006165,101.065284729004,54.3485221862793,-15.2127771377563,-2.08878087997437,-0.462956607341766,0.0959294140338898,70
738533.39474840671755373478,51.1924705505371,-16.5138740539551,10.663685798645,0.0117647647857666,0.00392162799835205,42.4977760314941,-71.5799713134766,1250.92993164062,1126.68188476562,-13.7583656311035,2.68503069877625,101.50447845459,54.8369483947754,-15.5607805252075,0.00848242733627558,-0.48576483130455,0.0947709083557129,70
738533.39475043304264545441,51.7118453979492,-16.4857406616211,10.6931028366089,0.0117647647857666,0.00392162799835205,42.4977569580078,-71.5798568725586,1247.74865722656,1123.32873535156,-13.9783458709717,2.59817552566528,102.161613464355,55.319408416748,-15.8589878082275,3.36054277420044,-0.508754551410675,0.0935660600662231,70
738533.39475272281561046839,52.2451629638672,-16.3928031921387,10.7732934951782,0.0117647647857666,0.00392162799835205,42.4977416992188,-71.5797348022461,1244.41711425781,1119.81567382812,-13.102087020874,2.32346606254578,103.086029052734,55.8063201904297,-16.1095027923584,4.59282875061035,-0.532919883728027,0.0922882184386253,70
738533.39475495775695890188,52.7606315612793,-16.0789413452148,10.9620265960693,0.0117647647857666,0.00392162799835205,42.4977226257324,-71.5796051025391,1241.17797851562,1116.39575195312,-11.9626512527466,2.16543054580688,104.08081817627,56.2350692749023,-16.289342880249,2.37806677818298,-0.556599855422974,0.0910011306405067,70
738533.39475711854174733162,53.2429580688477,-15.5948886871338,11.2247409820557,0.0117647647857666,0.00392162799835205,42.4977035522461,-71.5794906616211,1238.17297363281,1113.4814453125,-11.8751220703125,2.3100152015686,104.936058044434,56.6039543151855,-16.3829860687256,-1.63747692108154,-0.578782796859741,0.089751236140728,70
738533.39475939096882939339,53.7381935119629,-15.1534309387207,11.4965143203735,0.0117647647857666,0.00392162799835205,42.4976844787598,-71.5793609619141,1235.11047363281,1110.6044921875,-12.8610916137695,2.78026223182678,105.711204528809,57.0051727294922,-16.3840160369873,-4.86665058135986,-0.601474046707153,0.0884072706103325,70
738533.39476163266226649284,54.173885345459,-14.9757280349731,11.64830493927,0.0117647647857666,0.00392162799835205,42.4976654052734,-71.579231262207,1232.12268066406,1107.80139160156,-12.6689023971558,3.2707622051239,106.495063781738,57.4000473022461,-16.2973518371582,-4.08894443511963,-0.623368144035339,0.0870420038700104,70
738533.39476386050228029490,54.5587615966797,-14.7722291946411,11.6793308258057,0.0117647647857666,0.00392162799835205,42.4976463317871,-71.5791091918945,1229.18823242188,1105.05151367188,-10.7784328460693,3.55209469795227,107.323547363281,57.7172775268555,-16.1606559753418,0.417555868625641,-0.644600927829742,0.0856569483876228,70
738533.39476615493185818195,54.9481887817383,-14.3332395553589,11.7489700317383,0.0117647647857666,0.00392162799835205,42.4976272583008,-71.578971862793,1226.18188476562,1102.24060058594,-10.0068664550781,3.73757576942444,108.061630249023,57.9895133972168,-15.9821071624756,3.63945746421814,-0.666372060775757,0.0841616094112396,70
738533.39476848719641566277,55.3149108886719,-13.9912767410278,11.9366035461426,0.0117647647857666,0.00392162799835205,42.4976043701172,-71.5788421630859,1223.28686523438,1099.53979492188,-10.8900947570801,3.94624829292297,108.4755859375,58.2921752929688,-15.7635564804077,2.52599692344666,-0.687323391437531,0.0826519355177879,70
738533.39477075135800987482,55.6042747497559,-13.8812913894653,12.1249208450317,0.0117647647857666,0.00392162799835205,42.4975852966309,-71.5787124633789,1220.64868164062,1096.51696777344,-10.5405616760254,4.10566854476929,108.595069885254,58.5793418884277,-15.5352563858032,1.00800514221191,-0.706144988536835,0.0812268108129501,70
738533.39477288932539522648,55.8991432189941,-13.5795631408691,12.3019208908081,0.0117647647857666,0.00392162799835205,42.4975662231445,-71.5785827636719,1217.853515625,1092.740234375,-9.05185031890869,3.94131398200989,108.641021728516,58.8256378173828,-15.2854261398315,0.974787473678589,-0.725970208644867,0.0796583667397499,70
738533.39477495907340198755,56.1282501220703,-13.1210136413574,12.462495803833,0.0117647647857666,0.00392162799835205,42.4975471496582,-71.5784606933594,1215.40270996094,1089.40051269531,-7.46734619140625,3.69565844535828,108.784637451172,58.9733428955078,-15.0538520812988,0.824848473072052,-0.74341893196106,0.078226812183857,70
738533.39477726060431450605,56.373462677002,-12.2197961807251,12.6349611282349,0.0117647647857666,0.00392162799835205,42.4975242614746,-71.5783233642578,1212.76647949219,1085.75390625,-6.25879526138306,3.59867668151855,109.235847473145,59.0502586364746,-14.7577066421509,1.12939512729645,-0.762429416179657,0.0765656679868698,70
738533.39477942849043756723,56.6045379638672,-11.1251087188721,12.8326568603516,0.0117647647857666,0.00392162799835205,42.497501373291,-71.5781936645508,1210.48645019531,1082.52209472656,-6.02016639709473,3.52238512039185,109.999488830566,59.0975379943848,-14.4048795700073,0.358557254076004,-0.779141485691071,0.0749739110469818,70
738533.39478163362946361303,56.8485107421875,-9.98720455169678,13.0557088851929,0.0117647647857666,0.00392162799835205,42.4974822998047,-71.5780639648438,1208.4453125,1079.53515625,-6.09729337692261,3.1217896938324,110.996612548828,59.1772651672363,-13.9482679367065,-1.26092970371246,-0.794218063354492,0.0733557865023613,70
738533.39478388463612645864,57.077262878418,-8.99413871765137,13.2964181900024,0.0117647647857666,0.00392162799835205,42.4974594116211,-71.5779266357422,1206.51525878906,1076.60913085938,-5.22944831848145,2.91361117362976,112.039161682129,59.2916793823242,-13.3447065353394,-3.8050434589386,-0.808253228664398,0.0716098323464394,70
738533.39478600083384662867,57.2407035827637,-8.08362579345703,13.4502515792847,0.0117647647857666,0.00392162799835205,42.4974365234375,-71.5777969360352,1204.88415527344,1074.04638671875,-3.59307813644409,2.88698124885559,112.713386535645,59.3527793884277,-12.6935977935791,-3.81711339950562,-0.819733023643494,0.0699367821216583,70
738533.39478821645025163889,57.373462677002,-7.0055136680603,13.4940814971924,0.0117647647857666,0.00392162799835205,42.4974136352539,-71.5776672363281,1203.36108398438,1071.54113769531,-2.90474200248718,2.52815866470337,113.05647277832,59.3538665771484,-11.9351453781128,-0.65032821893692,-0.830186009407043,0.0681228116154671,70
738533.39479053311515599489,57.4997329711914,-5.9283709526062,13.4874181747437,0.0117647647857666,0.00392162799835205,42.4973907470703,-71.5775299072266,1202.02478027344,1069.19946289062,-3.57108473777771,2.58259725570679,113.259201049805,59.3571815490723,-11.0908355712891,2.73298788070679,-0.839052140712738,0.0662077143788338,70
738533.39479275734629482031,57.5669593811035,-5.38214015960693,13.5354518890381,0.0117647647857666,0.00392162799835205,42.4973678588867,-71.577392578125,1200.84973144531,1067.02368164062,-3.16876840591431,2.64181160926819,113.541473388672,59.381233215332,-10.2044649124146,3.12954545021057,-0.84611576795578,0.06426802277565,70
738533.39479493524413555861,57.5662612915039,-4.97463369369507,13.6727533340454,0.0117647647857666,0.00392162799835205,42.4973449707031,-71.5772552490234,1199.77966308594,1064.97033691406,-1.69461047649384,2.79588723182678,113.814193725586,59.3764724731445,-9.34680557250977,0.896505057811737,-0.8517706990242,0.0623251460492611,70
738533.39479710150044411421,57.56494140625,-4.49314308166504,13.7677307128906,0.0117647647857666,0.00392162799835205,42.4973258972168,-71.5771255493164,1198.82934570312,1063.06750488281,-1.87265694141388,2.98626780509949,113.807998657227,59.3587493896484,-8.56378650665283,0.822158515453339,-0.856317758560181,0.0604064129292965,70
738533.39479935239069163799,57.5741806030273,-4.39182996749878,13.7683067321777,0.0117647647857666,0.00392162799835205,42.4972991943359,-71.5769882202148,1197.88305664062,1061.11340332031,-2.38263034820557,2.86858153343201,113.472183227539,59.3602600097656,-7.79765176773071,3.09103322029114,-0.86027866601944,0.0583394877612591,70
738533.39480126439593732357,57.515193939209,-4.38393926620483,13.8549480438232,0.0117647647857666,0.00392162799835205,42.4972801208496,-71.5768737792969,1197.08862304688,1059.47302246094,-1.31441676616669,2.88621878623962,113.180931091309,59.3226432800293,-7.23002004623413,1.51407396793365,-0.863203108310699,0.0565788894891739,70
738533.39480341551825404167,57.391357421875,-4.10233640670776,14.0578546524048,0.0117647647857666,0.00392162799835205,42.497257232666,-71.5767440795898,1196.22473144531,1057.66003417969,-0.956291854381561,3.07907772064209,113.076454162598,59.2302322387695,-6.68652534484863,-2.88668012619019,-0.866242289543152,0.0545776858925819,70
738533.39480567898135632277,57.3257675170898,-3.87211322784424,14.2152109146118,0.0117647647857666,0.00392162799835205,42.4972343444824,-71.5766067504883,1195.37084960938,1055.80383300781,-2.42530965805054,3.18096256256104,113.177932739258,59.1887588500977,-6.19121837615967,-4.70050621032715,-0.869081199169159,0.052416305989027,70
738533.39480783045291900635,57.340934753418,-4.01640844345093,14.1819143295288,0.0117647647857666,0.00392162799835205,42.4972114562988,-71.5764770507812,1194.56066894531,1054.03967285156,-3.22720885276794,2.97927212715149,113.236755371094,59.205078125,-5.78644990921021,-1.03378200531006,-0.871464490890503,0.0503268018364906,70
738533.39480998017825186253,57.346508026123,-4.2109260559082,14.1378870010376,0.0117647647857666,0.00392162799835205,42.4971885681152,-71.5763473510742,1193.70385742188,1052.22131347656,-3.13581705093384,2.12845087051392,113.100654602051,59.2134590148926,-5.46301555633545,1.774773478508,-0.873843729496002,0.0481835342943668,70
738533.39481216657441109419,57.3304595947266,-4.13974714279175,14.1971044540405,0.0117647647857666,0.00392162799835205,42.4971656799316,-71.5762176513672,1192.84582519531,1050.40869140625,-3.91590857505798,0.925087928771973,112.947303771973,59.2070655822754,-5.22843265533447,-0.055146224796772,-0.876327693462372,0.0460246093571186,70
738533.39481439371593296528,57.3432006835938,-4.0361475944519,14.2811183929443,0.0117647647857666,0.00392162799835205,42.4971389770508,-71.5760803222656,1191.97924804688,1048.5537109375,-5.36055660247803,0.139725536108017,113.072807312012,59.2324562072754,-5.04573774337769,-3.29210996627808,-0.878903567790985,0.0437564998865128,70
738533.39481678104493767023,57.3868789672852,-4.09983777999878,14.2527389526367,0.0117647647857666,0.00392162799835205,42.4971160888672,-71.5759353637695,1191.07202148438,1046.60913085938,-5.25914478302002,-0.149677142500877,113.649787902832,59.2722778320312,-4.89645195007324,-2.80876636505127,-0.881533980369568,0.0413493141531944,70
738533.39481901505496352911,57.437141418457,-4.00801229476929,14.0989856719971,0.0117647647857666,0.00392162799835205,42.4970893859863,-71.5758056640625,1190.1904296875,1044.72082519531,-4.42624568939209,-0.262670904397964,114.441116333008,59.2779121398926,-4.78992366790771,1.17235028743744,-0.884086906909943,0.0389903485774994,70
738533.39482128410600125790,57.500072479248,-3.93357992172241,13.929123878479,0.0117647647857666,0.00392162799835205,42.4970664978027,-71.5756607055664,1189.32043457031,1042.83337402344,-4.64931154251099,-0.347432732582092,115.16381072998,59.2937774658203,-4.70302200317383,4.66199398040771,-0.886594355106354,0.036586482077837,70
738533.39482350496109575033,57.5761833190918,-3.88853526115417,13.8672790527344,0.0117647647857666,0.00392162799835205,42.4970436096191,-71.5755310058594,1188.48901367188,1041.01391601562,-5.39437818527222,-0.274082034826279,115.588279724121,59.3501396179199,-4.6283392906189,4.45141220092773,-0.888919413089752,0.0342472605407238,70
738533.39482567878440022469,57.6282958984375,-3.99925875663757,13.9312143325806,0.0117647647857666,0.00392162799835205,42.4970207214355,-71.5753936767578,1187.66442871094,1039.21557617188,-5.55749177932739,0.0300540775060654,115.714561462402,59.4230041503906,-4.56398916244507,0.9255091547966,-0.891136288642883,0.03194684907794,70
738533.39482791093178093433,57.6319770812988,-4.18944978713989,14.0316934585571,0.0117647647857666,0.00392162799835205,42.496997833252,-71.5752639770508,1186.80151367188,1037.37194824219,-4.31747341156006,0.407984107732773,115.672569274902,59.463306427002,-4.52191734313965,-2.57533383369446,-0.893438100814819,0.0296333637088537,70
738533.39483023702632635832,57.604679107666,-4.14001941680908,14.0567073822021,0.0117647647857666,0.00392162799835205,42.4969711303711,-71.5751190185547,1185.86669921875,1035.39721679688,-2.96947979927063,0.711025238037109,115.646614074707,59.4392967224121,-4.51144886016846,-2.74051785469055,-0.896076619625092,0.0271709002554417,70
738533.39483253506477922201,57.6223945617676,-3.92224621772766,13.997802734375,0.0117647647857666,0.00392162799835205,42.4969482421875,-71.5749816894531,1184.99035644531,1033.50341796875,-3.90421605110168,0.894026696681976,115.68775177002,59.4277954101562,-4.51028823852539,-0.294464409351349,-0.89868301153183,0.0247591193765402,70
738533.39483500062488019466,57.6760101318359,-4.04073190689087,14.0357027053833,0.0117647647857666,0.00392162799835205,42.4969253540039,-71.574836730957,1184.09741210938,1031.56213378906,-4.69090223312378,1.05434334278107,115.574516296387,59.4966430664062,-4.49427843093872,-1.30783665180206,-0.901215732097626,0.0222632754594088,70
738533.39483729365747421980,57.6862564086914,-4.24161291122437,14.1448612213135,0.0117647647857666,0.00392162799835205,42.496898651123,-71.5746917724609,1183.15869140625,1029.64282226562,-3.58870959281921,1.23223006725311,115.150764465332,59.5463905334473,-4.4868369102478,-4.07697105407715,-0.903798460960388,0.0197426564991474,70
738533.39483933104202151299,57.6772308349609,-4.1419849395752,14.1642942428589,0.0117647647857666,0.00392162799835205,42.4968757629395,-71.5745697021484,1182.34411621094,1027.98254394531,-3.47851228713989,1.33358490467072,114.723083496094,59.5352516174316,-4.49870872497559,-3.54881858825684,-0.906173586845398,0.0176019500941038,70
738533.39484142861329019070,57.6981086730957,-4.00232458114624,14.0931034088135,0.0117647647857666,0.00392162799835205,42.4968528747559,-71.5744400024414,1181.52844238281,1026.291015625,-4.57177257537842,1.33300650119781,114.522026062012,59.5290336608887,-4.50976181030273,-0.502162337303162,-0.908624827861786,0.015364901162684,70
738533.39484368928242474794,57.7325553894043,-4.21551036834717,14.0396575927734,0.0117647647857666,0.00392162799835205,42.4968299865723,-71.5743026733398,1180.6259765625,1024.42993164062,-4.00655508041382,1.24952507019043,114.630668640137,59.5645065307617,-4.51106023788452,1.19122922420502,-0.911222696304321,0.0129210231825709,70
738533.39484569523483514786,57.7237396240234,-4.20855045318604,14.0747728347778,0.0117647647857666,0.00392162799835205,42.4968070983887,-71.5741806030273,1179.82983398438,1022.81237792969,-2.68266344070435,1.20729100704193,114.740104675293,59.5637550354004,-4.52137756347656,0.0912817269563675,-0.913536190986633,0.0108162891119719,70
738533.39484799490310251713,57.7054481506348,-3.99676942825317,14.0611400604248,0.0117647647857666,0.00392162799835205,42.4967842102051,-71.5740432739258,1178.93713378906,1021.11712646484,-3.30479741096497,1.17489624023438,114.791786193848,59.5282135009766,-4.5352578163147,0.627350687980652,-0.916244387626648,0.00839204620569944,70
738533.39485019131097942591,57.707592010498,-3.957190990448,13.9584894180298,0.0117647647857666,0.00392162799835205,42.4967613220215,-71.5739059448242,1178.08410644531,1019.92810058594,-4.08074903488159,1.08080124855042,114.998764038086,59.5034866333008,-4.53037214279175,3.468425989151,-0.918768644332886,0.006000816822052,70
738533.39485247270204126835,57.6875648498535,-3.9072117805481,13.9065179824829,0.0117647647857666,0.00392162799835205,42.4967384338379,-71.5737686157227,1177.22912597656,1018.73559570312,-3.29544425010681,0.996040880680084,115.573989868164,59.4685859680176,-4.51232624053955,4.18279600143433,-0.921194732189178,0.00358591391704977,70
738533.39485445781610906124,57.6591758728027,-3.71364855766296,13.970724105835,0.0117647647857666,0.00392162799835205,42.4967155456543,-71.5736465454102,1176.51489257812,1017.73028564453,-3.18392872810364,1.07293450832367,116.221740722656,59.4436950683594,-4.48743295669556,1.5758980512619,-0.923199474811554,0.0015028000343591,70
738533.39485660754144191742,57.6686401367188,-3.57305693626404,14.0859727859497,0.0117647647857666,0.00392162799835205,42.4966926574707,-71.5735168457031,1175.7490234375,1016.63745117188,-4.23261642456055,1.30518627166748,116.73046875,59.4714508056641,-4.43872594833374,-1.66427600383759,-0.925235629081726,-0.000825313909444958,70
738533.39485882897861301899,57.7102699279785,-3.71592593193054,14.1213340759277,0.0117647647857666,0.00392162799835205,42.4966697692871,-71.5733795166016,1174.97253417969,1015.52984619141,-4.5648021697998,1.54061090946198,116.78874206543,59.5289459228516,-4.37310743331909,-1.52980160713196,-0.92709344625473,-0.0031850878149271,70
738533.39486095961183309555,57.7103996276855,-3.89669990539551,14.0751981735229,0.0117647647857666,0.00392162799835205,42.4966468811035,-71.5732498168945,1174.18786621094,1014.42620849609,-3.28982710838318,1.67886245250702,116.540267944336,59.5297050476074,-4.32224369049072,1.07077312469482,-0.928910672664642,-0.00545634003356099,70
738533.39486327441409230232,57.6510963439941,-3.8053891658783,14.0551061630249,0.0117647647857666,0.00392162799835205,42.4966239929199,-71.573112487793,1173.34716796875,1013.24761962891,-2.38827586174011,1.81229305267334,116.323234558105,59.4615478515625,-4.2951512336731,2.41152000427246,-0.930991530418396,-0.00788191147148609,70
738533.39486566174309700727,57.5802764892578,-3.57299041748047,14.1352481842041,0.0117647647857666,0.00392162799835205,42.4965972900391,-71.5729675292969,1172.48999023438,1012.02893066406,-3.07050275802612,1.99804532527924,116.465423583984,59.3974723815918,-4.27111625671387,0.576901912689209,-0.93319183588028,-0.0104834912344813,70
738533.39486792311072349548,57.5282096862793,-3.79100346565247,14.1730670928955,0.0117647647857666,0.00392162799835205,42.4965744018555,-71.5728302001953,1171.69055175781,1010.89318847656,-2.10656690597534,2.0922110080719,116.828247070312,59.3695411682129,-4.23777627944946,0.407976746559143,-0.935092747211456,-0.0128971012309194,70
738533.39487014128826558590,57.4413986206055,-3.5396773815155,14.0921678543091,0.0117647647857666,0.00392162799835205,42.4965476989746,-71.5726928710938,1170.89306640625,1009.76232910156,-1.08738827705383,2.05415177345276,117.100311279297,59.2505912780762,-4.21455383300781,4.06098175048828,-0.937021434307098,-0.0153005998581648,70
738533.39487235399428755045,57.3402099609375,-3.30303955078125,14.1643447875977,0.0117647647857666,0.00392162799835205,42.496524810791,-71.5725631713867,1170.17626953125,1008.72039794922,-2.40966129302979,2.08747696876526,117.382720947266,59.1560516357422,-4.17661666870117,1.72938144207001,-0.938731610774994,-0.0176598131656647,70
738533.39487463620025664568,57.232292175293,-3.32626152038574,14.3114385604858,0.0117647647857666,0.00392162799835205,42.4965019226074,-71.5724258422852,1169.4345703125,1007.63824462891,-1.78710806369781,2.13025617599487,117.85684967041,59.0882110595703,-4.11238765716553,-2.19353485107422,-0.940254092216492,-0.0201455615460873,70
738533.39487702341284602880,57.1541748046875,-3.04008817672729,14.317156791687,0.0117647647857666,0.00392162799835205,42.4964752197266,-71.5722808837891,1168.69677734375,1006.54913330078,-1.58048939704895,2.11063528060913,118.289604187012,58.9984970092773,-4.03622388839722,-0.482546657323837,-0.941657304763794,-0.0227231793105602,70
738533.39487934939097613096,57.1380386352539,-2.89346265792847,14.2907991409302,0.0117647647857666,0.00392162799835205,42.496452331543,-71.5721435546875,1168.03857421875,1005.55200195312,-3.13980984687805,2.08154487609863,118.354637145996,58.9690971374512,-3.93882012367249,1.34280514717102,-0.942690134048462,-0.0252225231379271,70
738533.39488145464565604925,57.0851707458496,-3.05705833435059,14.4077453613281,0.0117647647857666,0.00392162799835205,42.4964256286621,-71.5720138549805,1167.39245605469,1004.58068847656,-2.6986038684845,2.14108538627625,118.129844665527,58.9546051025391,-3.83432960510254,-1.86555099487305,-0.943458616733551,-0.0276570580899715,70
738533.39488375163637101650,57.0022888183594,-2.88329029083252,14.5275993347168,0.0117647647857666,0.00392162799835205,42.4964027404785,-71.5718765258789,1166.7119140625,1003.55780029297,-2.10851740837097,2.29039883613586,117.841255187988,58.8950386047363,-3.74204230308533,-3.75398325920105,-0.944257974624634,-0.0302136838436127,70
738533.39488575118593871593,56.9841728210449,-2.68915891647339,14.5030536651611,0.0117647647857666,0.00392162799835205,42.4963798522949,-71.5717544555664,1166.16772460938,1002.7197265625,-3.13850116729736,2.39104294776917,117.644012451172,58.8622665405273,-3.66353511810303,-0.957849442958832,-0.944822072982788,-0.0324288159608841,70
738533.39488772768527269363,57.0028305053711,-2.81604957580566,14.4372119903564,0.0117647647857666,0.00392162799835205,42.4963569641113,-71.5716323852539,1165.61987304688,1001.87377929688,-3.38445711135864,2.42058849334717,117.399490356445,58.8700790405273,-3.57752895355225,2.40777230262756,-0.945213735103607,-0.0346918664872646,70
738533.39488978625740855932,56.9905433654785,-2.83436751365662,14.4706439971924,0.0117647647857666,0.00392162799835205,42.496337890625,-71.5715103149414,1165.05249023438,1001.01068115234,-2.47380352020264,2.36455750465393,116.996696472168,58.8672714233398,-3.50558042526245,2.35457372665405,-0.945595502853394,-0.0369462259113789,70
738533.39489208813756704330,56.9473915100098,-2.91096806526184,14.5673875808716,0.0117647647857666,0.00392162799835205,42.4963111877441,-71.5713729858398,1164.38403320312,999.992858886719,-2.4260880947113,2.52235341072083,116.357086181641,58.8531036376953,-3.44124674797058,0.429515033960342,-0.946081221103668,-0.0396221801638603,70
738533.39489411818794906139,56.9105110168457,-2.97252464294434,14.6631669998169,0.0117647647857666,0.00392162799835205,42.4962882995605,-71.5712509155273,1163.80944824219,999.12548828125,-2.6647584438324,2.7200779914856,115.756530761719,58.8442916870117,-3.40544295310974,-1.10511553287506,-0.946544766426086,-0.0418850630521774,70
738533.39489646500442177057,56.886157989502,-2.98558831214905,14.7733030319214,0.0117647647857666,0.00392162799835205,42.4962615966797,-71.5711135864258,1163.11096191406,998.074645996094,-3.51507377624512,3.00566673278809,115.075172424316,58.8489532470703,-3.38375234603882,-2.00933647155762,-0.947197616100311,-0.0446199215948582,70
738533.39489876106381416321,56.896110534668,-2.99002194404602,14.8378124237061,0.0117647647857666,0.00392162799835205,42.4962348937988,-71.5709762573242,1162.43310546875,997.207275390625,-4.3289361000061,3.26684832572937,114.614822387695,58.8750228881836,-3.37656426429749,-1.02409398555756,-0.947889804840088,-0.0472941361367702,70
738533.39490092883352190256,56.9103088378906,-3.10101842880249,14.8435125350952,0.0117647647857666,0.00392162799835205,42.4962120056152,-71.5708389282227,1161.77355957031,996.401794433594,-4.08961248397827,3.42027163505554,114.458106994629,58.8959197998047,-3.37765097618103,1.48206770420074,-0.948591470718384,-0.0498773418366909,70
738533.39490290649700909853,56.9035758972168,-3.2111656665802,14.8419694900513,0.0117647647857666,0.00392162799835205,42.4961891174316,-71.5707244873047,1161.16418457031,995.575073242188,-2.83002042770386,2.84479808807373,114.492866516113,58.8949241638184,-3.39116358757019,3.4780285358429,-0.949311971664429,-0.0521946363151073,70
738533.39490527077578008175,56.8842086791992,-3.09293818473816,14.9595403671265,0.0117647647857666,0.00392162799835205,42.4961624145508,-71.5705871582031,1160.45874023438,994.420532226562,-3.11429619789124,1.69856548309326,114.471145629883,58.8996353149414,-3.41989350318909,0.932194113731384,-0.950280666351318,-0.054922804236412,70
738533.39490728778764605522,56.8880004882812,-3.17489099502563,15.0626554489136,0.0117647647857666,0.00392162799835205,42.4961395263672,-71.5704650878906,1159.83227539062,993.583557128906,-4.18276691436768,2.12845420837402,114.274993896484,58.9339294433594,-3.44196844100952,-1.39524948596954,-0.951140522956848,-0.0574005208909512,70
738533.39490936417132616043,56.8766250610352,-3.38252449035645,15.0834007263184,0.0117647647857666,0.00392162799835205,42.4961166381836,-71.5703430175781,1159.17504882812,992.716247558594,-3.52185797691345,2.22014784812927,114.088790893555,58.9398078918457,-3.46852231025696,-0.694285035133362,-0.952069103717804,-0.0598888918757439,70
738533.39491141727194190025,56.8345222473145,-3.31102991104126,15.0547513961792,0.0117647647857666,0.00392162799835205,42.49609375,-71.5702133178711,1158.49755859375,991.827514648438,-2.35441040992737,2.23968839645386,114.154144287109,58.8877868652344,-3.51080536842346,1.52315151691437,-0.953183114528656,-0.0624093972146511,70
738533.39491343393456190825,56.7950630187988,-3.08423256874084,15.1530723571777,0.0117647647857666,0.00392162799835205,42.4960708618164,-71.5700988769531,1157.87683105469,991.000915527344,-3.08882164955139,2.28675317764282,114.461585998535,58.8626136779785,-3.5480101108551,-0.670775711536407,-0.954285264015198,-0.0648786723613739,70
738533.39491548982914537191,56.8110198974609,-2.95319128036499,15.3070650100708,0.0117647647857666,0.00392162799835205,42.4960479736328,-71.5699691772461,1157.25305175781,990.160278320312,-4.33740615844727,2.3854444026947,114.755279541016,58.9111137390137,-3.56142568588257,-3.93304896354675,-0.955272912979126,-0.0675020664930344,70
738533.39491774048656225204,56.8937110900879,-3.02537775039673,15.3907127380371,0.0117647647857666,0.00392162799835205,42.496021270752,-71.5698394775391,1156.59973144531,989.451599121094,-5.17193412780762,2.46875476837158,114.714073181152,59.0162773132324,-3.54986977577209,-4.16962146759033,-0.956126153469086,-0.0702797845005989,70
738533.39491997379809617996,56.978645324707,-3.28097295761108,15.3580169677734,0.0117647647857666,0.00392162799835205,42.4959945678711,-71.5697021484375,1155.9052734375,988.785339355469,-4.7097282409668,2.49296927452087,114.200675964355,59.1032943725586,-3.53618144989014,-0.799062490463257,-0.956975400447845,-0.0731145218014717,70
738533.39492228731978684664,57.0248870849609,-3.48298978805542,15.2801465988159,0.0117647647857666,0.00392162799835205,42.4959678649902,-71.5695648193359,1155.14318847656,988.0517578125,-3.77839255332947,2.4839346408844,113.404586791992,59.1392555236816,-3.54923319816589,3.40834665298462,-0.958080470561981,-0.0760607272386551,70
738533.39492451760452240705,57.0321769714355,-3.43572521209717,15.2741184234619,0.0117647647857666,0.00392162799835205,42.4959411621094,-71.5694274902344,1154.38256835938,987.318786621094,-3.809157371521,2.38063430786133,112.797233581543,59.1419639587402,-3.59156084060669,4.61566972732544,-0.959433138370514,-0.078948512673378,70
738533.39492690365295857191,57.0326957702637,-3.4074923992157,15.4093055725098,0.0117647647857666,0.00392162799835205,42.4959144592285,-71.5692901611328,1153.62902832031,986.593627929688,-4.8088812828064,2.56893754005432,112.664161682129,59.1758918762207,-3.63907194137573,1.1886750459671,-0.960895717144012,-0.0819177329540253,70
738533.39492903102654963732,57.0108032226562,-3.55555987358093,15.6031045913696,0.0117647647857666,0.00392162799835205,42.4958877563477,-71.5691604614258,1152.89123535156,985.883605957031,-3.94920611381531,2.80911493301392,112.96656036377,59.2142753601074,-3.68081903457642,-3.21526288986206,-0.962318778038025,-0.0847756117582321,70
738533.39493133407086133957,56.9677696228027,-3.61020970344543,15.7423992156982,0.0117647647857666,0.00392162799835205,42.4958610534668,-71.5690155029297,1152.09118652344,985.113708496094,-2.34116816520691,2.99621248245239,113.436729431152,59.2130355834961,-3.73253846168518,-4.57169628143311,-0.963964402675629,-0.0877727568149567,70
738533.39493375807069242001,56.9287910461426,-3.49459791183472,15.7307405471802,0.0117647647857666,0.00392162799835205,42.4958343505859,-71.5688705444336,1151.26086425781,984.315307617188,-2.40810632705688,2.9434859752655,113.81706237793,59.1654930114746,-3.78862929344177,-0.96971207857132,-0.965802311897278,-0.0909706801176071,70
738533.39493612083606421947,56.920825958252,-3.45512986183167,15.6730899810791,0.0117647647857666,0.00392162799835205,42.4958038330078,-71.568733215332,1150.4716796875,983.556945800781,-3.41798806190491,2.89112186431885,114.078804016113,59.140209197998,-3.82652449607849,2.66022133827209,-0.967539608478546,-0.0941130444407463,70
738533.39493843819946050644,56.8400611877441,-3.68343186378479,15.7798881530762,0.0117647647857666,0.00392162799835205,42.495777130127,-71.5685958862305,1149.66271972656,982.7783203125,-2.17846727371216,2.88728213310242,114.462013244629,59.1046943664551,-3.85561609268188,0.152823746204376,-0.969256341457367,-0.0972259342670441,70
738533.39494077092967927456,56.7692260742188,-3.33780765533447,15.9062204360962,0.0117647647857666,0.00392162799835205,42.4957504272461,-71.5684509277344,1148.869140625,982.016296386719,-2.39158129692078,2.95124912261963,114.979560852051,59.0499267578125,-3.88783931732178,-1.28490281105042,-0.971095085144043,-0.100405380129814,70
738533.39494279120117425919,56.781852722168,-3.44144487380981,15.8402471542358,0.0117647647857666,0.00392162799835205,42.4957237243652,-71.5683364868164,1148.21520996094,981.389404296875,-3.32335996627808,2.87943887710571,115.244895935059,59.0502815246582,-3.89175724983215,2.37612652778625,-0.972507774829865,-0.103150799870491,70
738533.39494517061393707991,56.747371673584,-3.6030604839325,15.8554124832153,0.0117647647857666,0.00392162799835205,42.4956970214844,-71.5681915283203,1147.40124511719,980.60693359375,-2.1909658908844,2.78635406494141,115.28246307373,59.0308418273926,-3.89357686042786,2.83832836151123,-0.974179267883301,-0.106393039226532,70
738533.39494750113226473331,56.6684379577637,-3.31203436851501,16.0113639831543,0.0117647647857666,0.00392162799835205,42.4956703186035,-71.5680541992188,1146.62036132812,979.857727050781,-2.77687120437622,2.85679459571838,115.285270690918,58.980037689209,-3.90268206596375,-0.542296171188354,-0.975919604301453,-0.10961639881134,70
738533.39494980592280626297,56.6748504638672,-3.27731800079346,16.0558452606201,0.0117647647857666,0.00392162799835205,42.4956398010254,-71.5679168701172,1145.89453125,979.163269042969,-4.07126235961914,2.90646886825562,115.377937316895,58.9963493347168,-3.88989782333374,0.161873906850815,-0.977443397045135,-0.112795919179916,70
738533.39495211199391633272,56.6924285888672,-3.4165050983429,16.0715560913086,0.0117647647857666,0.00392162799835205,42.4956130981445,-71.5677719116211,1145.13317871094,978.434265136719,-3.62803411483765,2.92617344856262,115.45613861084,59.0254096984863,-3.86361718177795,1.67124962806702,-0.978890776634216,-0.116101488471031,70
738533.39495436986908316612,56.6643142700195,-3.52559804916382,16.1355438232422,0.0117647647857666,0.00392162799835205,42.4955825805664,-71.5676422119141,1144.36083984375,977.693603515625,-2.42900991439819,3.00674629211426,115.398078918457,59.0222854614258,-3.8492329120636,1.41262876987457,-0.980380535125732,-0.119348511099815,70
738533.39495662483386695385,56.5947685241699,-3.49315762519836,16.2820224761963,0.0117647647857666,0.00392162799835205,42.4955558776855,-71.5675048828125,1143.59631347656,976.960815429688,-2.3715500831604,3.21903300285339,115.227043151855,58.9938468933105,-3.85130476951599,-1.16704201698303,-0.981970548629761,-0.12255498021841,70
738533.39495890040416270494,56.5312156677246,-3.48673439025879,16.4315776824951,0.0117647647857666,0.00392162799835205,42.4955291748047,-71.5673675537109,1142.833984375,976.231140136719,-2.95791554450989,3.08389496803284,115.113967895508,58.9739990234375,-3.85830283164978,-3.18325138092041,-0.98360800743103,-0.125806301832199,70
738533.39496110053732991219,56.4924926757812,-3.43547368049622,16.473482131958,0.0117647647857666,0.00392162799835205,42.4955024719238,-71.5672378540039,1142.09252929688,975.521911621094,-2.79661703109741,3.07433891296387,115.231781005859,58.9455642700195,-3.86469149589539,-1.51686143875122,-0.985212802886963,-0.129009917378426,70
738533.39496338460594415665,56.4579162597656,-3.41871190071106,16.4300384521484,0.0117647647857666,0.00392162799835205,42.4954719543457,-71.5671005249023,1141.349609375,974.811767578125,-2.31991505622864,3.08865332603455,115.514320373535,58.8993186950684,-3.86616349220276,2.26337361335754,-0.98680180311203,-0.132290318608284,70
738533.39496534655336290598,56.4311065673828,-3.37499094009399,16.36985206604,0.0117647647857666,0.00392162799835205,42.4954490661621,-71.5669860839844,1140.70141601562,974.182861328125,-2.11881041526794,2.8778920173645,115.769737243652,58.8543319702148,-3.8632390499115,5.56051397323608,-0.988168597221375,-0.135211572051048,70
738533.39496772666461765766,56.4289398193359,-3.27008676528931,16.3432121276855,0.0117647647857666,0.00392162799835205,42.495418548584,-71.5668487548828,1139.93395996094,973.391174316406,-3.02916264533997,2.56909871101379,115.896476745605,58.8389282226562,-3.85158967971802,7.24225568771362,-0.989750862121582,-0.138765528798103,70
738533.39497008407488465309,56.472053527832,-3.25437378883362,16.4375114440918,0.0117647647857666,0.00392162799835205,42.4953880310059,-71.5667037963867,1139.17321777344,972.606079101562,-4.7444052696228,2.37914276123047,115.646553039551,58.905647277832,-3.82632112503052,4.77487421035767,-0.991219162940979,-0.142381206154823,70
738533.39497248048428446054,56.4900054931641,-3.60233902931213,16.6040172576904,0.0117647647857666,0.00392162799835205,42.495361328125,-71.5665588378906,1138.39318847656,971.802673339844,-4.77092838287354,2.38306212425232,115.026962280273,58.9897499084473,-3.80177426338196,0.180900663137436,-0.992628931999207,-0.145941257476807,70
738533.39497462462168186903,56.4712753295898,-3.6628634929657,16.6860198974609,0.0117647647857666,0.00392162799835205,42.4953308105469,-71.5664291381836,1137.62609863281,971.0146484375,-3.36353516578674,2.3883638381958,114.43074798584,58.9986839294434,-3.81130194664001,-0.683187425136566,-0.994182229042053,-0.149262934923172,70
738533.39497657201718539000,56.4611015319824,-3.4550666809082,16.7081069946289,0.0117647647857666,0.00392162799835205,42.4953079223633,-71.5663146972656,1136.93859863281,970.307861328125,-3.75890254974365,2.39499664306641,114.187599182129,58.9826622009277,-3.8368673324585,0.346818268299103,-0.995768666267395,-0.152315735816956,70
738533.39497892686631530523,56.4889144897461,-3.55534696578979,16.7732906341553,0.0117647647857666,0.00392162799835205,42.4952774047852,-71.5661773681641,1136.16650390625,969.513977050781,-4.32051610946655,2.3829140663147,114.245391845703,59.0337295532227,-3.85481286048889,-0.284771740436554,-0.997512936592102,-0.155855447053909,70
738533.39498126565013080835,56.4674491882324,-3.70519137382507,16.9441795349121,0.0117647647857666,0.00392162799835205,42.495246887207,-71.566032409668,1135.34533691406,968.734130859375,-3.02387857437134,2.46078777313232,114.222496032715,59.0711975097656,-3.87612533569336,-3.96498513221741,-0.999330282211304,-0.159454733133316,70
738533.39498359721619635820,56.426887512207,-3.54974484443665,17.0280475616455,0.0117647647857666,0.00392162799835205,42.4952163696289,-71.5658950805664,1134.52600097656,969.675842285156,-3.37100028991699,2.30630874633789,114.062774658203,59.047004699707,-3.90943741798401,-4.06763601303101,-1.00130331516266,-0.163107961416245,70
738533.39498560095671564341,56.3924522399902,-3.64023184776306,16.9367599487305,0.0117647647857666,0.00392162799835205,42.495189666748,-71.5657730102539,1133.82873535156,970.497192382812,-3.2447030544281,2.0080292224884,114.27490234375,58.993335723877,-3.93059277534485,0.142529100179672,-1.00297820568085,-0.16629533469677,70
738533.39498789876233786345,56.3116035461426,-3.6030375957489,16.9343967437744,0.0117647647857666,0.00392162799835205,42.4951629638672,-71.5656356811523,1133.017578125,971.416748046875,-1.03060460090637,1.63615381717682,115.075309753418,58.9130935668945,-3.95402121543884,0.735143065452576,-1.00493359565735,-0.169953569769859,70
738533.39499025477562099695,56.224063873291,-3.27905941009521,17.0820598602295,0.0117647647857666,0.00392162799835205,42.4951324462891,-71.5654983520508,1132.24914550781,972.041259765625,-1.63668084144592,1.36088073253632,115.702598571777,58.8531608581543,-3.96576333045959,-3.50132989883423,-1.00684237480164,-0.173660770058632,70
738533.39499259006697684526,56.2370948791504,-3.36218547821045,17.0537567138672,0.0117647647857666,0.00392162799835205,42.4951019287109,-71.5653610229492,1131.49584960938,972.423767089844,-3.61804437637329,1.2657858133316,115.647766113281,58.8620910644531,-3.94207620620728,-1.91701865196228,-1.00849962234497,-0.177470415830612,70
738533.39499488391447812319,56.2337684631348,-3.51366400718689,16.9689865112305,0.0117647647857666,0.00392162799835205,42.4950714111328,-71.5652236938477,1130.71960449219,972.756164550781,-3.15434980392456,1.16103494167328,115.363204956055,58.84326171875,-3.91456937789917,0.803298532962799,-1.01007533073425,-0.181214898824692,70
738533.39499714877456426620,56.202579498291,-3.51683354377747,16.9958095550537,0.0117647647857666,0.00392162799835205,42.4950408935547,-71.5650939941406,1129.95715332031,973.071044921875,-2.81075096130371,1.13303327560425,115.236213684082,58.8213882446289,-3.90277099609375,-0.39839231967926,-1.01171839237213,-0.184873998165131,70
738533.39500005473382771015,56.1765060424805,-3.45847105979919,17.0398082733154,0.0117647647857666,0.00392162799835205,42.4950141906738,-71.5649566650391,1129.21118164062,973.385864257812,-3.10210728645325,1.16315186023712,115.240783691406,58.8057441711426,-3.89896750450134,-1.78145265579224,-1.01338720321655,-0.188488572835922,70
738533.39500230655539780855,56.2056274414062,-3.35011625289917,17.080249786377,0.0117647647857666,0.00392162799835205,42.4949722290039,-71.5647735595703,1128.19921875,973.852722167969,-4.32978343963623,1.25481224060059,115.296371459961,58.8390235900879,-3.88807058334351,-2.20225310325623,-1.01564002037048,-0.193627387285233,70
738533.39500463625881820917,56.2686424255371,-3.42446732521057,17.039571762085,0.0117647647857666,0.00392162799835205,42.4949417114258,-71.5646362304688,1127.4345703125,974.210266113281,-4.59072732925415,1.27611923217773,115.225807189941,58.891716003418,-3.87067794799805,-0.0819122716784477,-1.01724445819855,-0.19745446741581,70
738533.39500696619506925344,56.2900276184082,-3.7210373878479,16.9134426116943,0.0117647647857666,0.00392162799835205,42.4949150085449,-71.5644989013672,1126.64965820312,974.524536132812,-3.41517043113708,1.23670518398285,115.041648864746,58.8937835693359,-3.8615562915802,4.05825233459473,-1.01886630058289,-0.201234012842178,70
738533.39500927284825593233,56.2226829528809,-3.52278757095337,16.8901042938232,0.0117647647857666,0.00392162799835205,42.4948844909668,-71.5643615722656,1125.8330078125,974.822631835938,-2.22968673706055,1.38531887531281,115.067893981934,58.8105049133301,-3.88004422187805,4.51024723052979,-1.02075231075287,-0.205095708370209,70
738533.39501156716141849756,56.13623046875,-3.49553990364075,17.0910320281982,0.0117647647857666,0.00392162799835205,42.4948539733887,-71.5642242431641,1125.06201171875,975.154357910156,-2.51134729385376,1.71546077728271,115.439743041992,58.7843360900879,-3.89477014541626,-1.22663617134094,-1.02259755134583,-0.208912059664726,70
738533.39501377788837999105,56.0830459594727,-3.59442639350891,17.1833896636963,0.0117647647857666,0.00392162799835205,42.4948234558105,-71.564094543457,1124.29968261719,975.456787109375,-1.37125980854034,1.84597098827362,115.752578735352,58.7664604187012,-3.90372586250305,-2.57514429092407,-1.02435207366943,-0.212597236037254,70
738533.39501595555339008570,56.0559425354004,-3.40629100799561,17.0783367156982,0.0117647647857666,0.00392162799835205,42.4947967529297,-71.56396484375,1123.55505371094,975.767211914062,-1.71220362186432,1.75178468227386,115.71361541748,58.6987342834473,-3.9145405292511,1.77209508419037,-1.02613282203674,-0.216259062290192,70
738533.39501817990094423294,56.0627784729004,-3.38515257835388,17.0219383239746,0.0117647647857666,0.00392162799835205,42.4947662353516,-71.563835144043,1122.841796875,976.108703613281,-3.73264360427856,1.64758193492889,115.418014526367,58.6876525878906,-3.9086389541626,3.42963337898254,-1.0277841091156,-0.219942718744278,70
738533.39502039225772023201,56.0309104919434,-3.58910942077637,17.1309013366699,0.0117647647857666,0.00392162799835205,42.4947395324707,-71.5637054443359,1122.09411621094,976.415466308594,-3.46896004676819,1.6374876499176,115.152969360352,58.701042175293,-3.8973400592804,-0.140924289822578,-1.0293915271759,-0.223636463284492,70
738533.39502263744361698627,56.0031242370605,-3.55668616294861,17.1714916229248,0.0117647647857666,0.00392162799835205,42.4947090148926,-71.5635757446289,1121.31225585938,976.717224121094,-2.86689591407776,1.61532056331635,115.04467010498,58.6844100952148,-3.90134072303772,-0.465322285890579,-1.03118121623993,-0.227441176772118,70
738533.39502500020898878574,56.0381355285645,-3.34214329719543,17.0942783355713,0.0117647647857666,0.00392162799835205,42.4946784973145,-71.5634307861328,1120.53527832031,977.059692382812,-4.20570468902588,1.54485642910004,115.04434967041,58.6826820373535,-3.90663599967957,3.03647875785828,-1.03304612636566,-0.231392547488213,70
738533.39502701454330235720,56.125072479248,-3.36345863342285,17.0574836730957,0.0117647647857666,0.00392162799835205,42.4946517944336,-71.5633163452148,1119.88391113281,977.366455078125,-5.73820209503174,1.46879971027374,114.990653991699,58.7562255859375,-3.89546513557434,4.53839302062988,-1.03451478481293,-0.234813928604126,70
738533.39502932748291641474,56.1842575073242,-3.60329055786133,17.1496028900146,0.0117647647857666,0.00392162799835205,42.4946212768555,-71.5631790161133,1119.09606933594,977.688598632812,-5.48523473739624,1.45894312858582,114.761497497559,58.8537445068359,-3.88004350662231,1.777627825737,-1.03617870807648,-0.238760158419609,70
738533.39503163169138133526,56.1841430664062,-3.73752188682556,17.3294906616211,0.0117647647857666,0.00392162799835205,42.4945945739746,-71.5630416870117,1118.29064941406,977.973815917969,-4.59232568740845,1.68899345397949,114.459045410156,58.9146690368652,-3.88660526275635,-2.86756300926208,-1.03798925876617,-0.242635846138,70
738533.39503391110338270664,56.1940574645996,-3.80071139335632,17.4078998565674,0.0117647647857666,0.00392162799835205,42.4945640563965,-71.5629043579102,1117.46533203125,978.237060546875,-4.0124340057373,2.01564240455627,114.22102355957,58.9512710571289,-3.91738033294678,-3.00826621055603,-1.04001450538635,-0.246510297060013,70
738533.39503626036457717419,56.242130279541,-3.76432347297668,17.341947555542,0.0117647647857666,0.00392162799835205,42.4945335388184,-71.5627670288086,1116.61560058594,978.508544921875,-4.29538249969482,2.19622683525085,114.082176208496,58.9753379821777,-3.96313214302063,1.49698734283447,-1.04226064682007,-0.250527024269104,70
738533.39503830508328974247,56.3036079406738,-3.7847945690155,17.2693958282471,0.0117647647857666,0.00392162799835205,42.4945068359375,-71.5626449584961,1115.884765625,978.745178222656,-4.57453870773315,2.16370630264282,114.051284790039,59.0140037536621,-4.00173854827881,4.95534420013428,-1.04423916339874,-0.254012912511826,70
738533.39504073979333043098,56.3426933288574,-3.89228653907776,17.31715965271,0.0117647647857666,0.00392162799835205,42.4944725036621,-71.5625076293945,1115.0068359375,979.009399414062,-4.23093700408936,2.0291473865509,114.050132751465,59.0722694396973,-4.04549026489258,3.84327459335327,-1.04662561416626,-0.258128792047501,70
738533.39504279079847037792,56.3563804626465,-4.00542736053467,17.4238548278809,0.0117647647857666,0.00392162799835205,42.4944458007812,-71.562385559082,1114.22924804688,979.213500976562,-3.78475403785706,1.98792922496796,113.937103271484,59.1242408752441,-4.08908271789551,1.075270652771,-1.04879283905029,-0.261680841445923,70
738533.39504480652976781130,56.377498626709,-3.97903871536255,17.5357418060303,0.0117647647857666,0.00392162799835205,42.4944190979004,-71.5622634887695,1113.46472167969,980.165954589844,-4.70248365402222,2.04998254776001,113.597862243652,59.1756477355957,-4.13777351379395,-1.22550404071808,-1.05104088783264,-0.265169739723206,70
738533.39504698698874562979,56.3943519592285,-4.30789279937744,17.5406360626221,0.0117647647857666,0.00392162799835205,42.4943923950195,-71.5621337890625,1112.62878417969,979.767211914062,-4.7782096862793,2.06009984016418,113.255249023438,59.2161674499512,-4.19150400161743,-0.235741749405861,-1.05350625514984,-0.26885998249054,70
738533.39504911296535283327,56.3829803466797,-4.43449115753174,17.535680770874,0.0117647647857666,0.00392162799835205,42.4943618774414,-71.5620040893555,1111.72216796875,979.064331054688,-3.19586849212646,1.97750353813171,113.254302978516,59.2132186889648,-4.26970624923706,0.924691438674927,-1.05634260177612,-0.272666871547699,70
738533.39505116490181535482,56.3536949157715,-4.29048204421997,17.6187114715576,0.0117647647857666,0.00392162799835205,42.4943351745605,-71.561882019043,1110.85778808594,978.396057128906,-3.10557341575623,1.97737503051758,113.507499694824,59.1993751525879,-4.35762786865234,-0.831524848937988,-1.05930161476135,-0.276338040828705,70
738533.39505325700156390667,56.3650512695312,-4.18855476379395,17.7325096130371,0.0117647647857666,0.00392162799835205,42.4943084716797,-71.5617599487305,1110.02526855469,977.758239746094,-4.43336629867554,2.03717803955078,113.71964263916,59.2368545532227,-4.43129253387451,-3.0612256526947,-1.06223392486572,-0.27998760342598,70
738533.39505529473535716534,56.4146957397461,-4.15771102905273,17.8458080291748,0.0117647647857666,0.00392162799835205,42.4942779541016,-71.561637878418,1109.22839355469,977.151916503906,-5.89481782913208,2.14682626724243,113.79076385498,59.3159103393555,-4.48059415817261,-4.7400975227356,-1.06500637531281,-0.283556401729584,70
738533.39505730313248932362,56.4885406494141,-4.29584932327271,17.8334064483643,0.0117647647857666,0.00392162799835205,42.4942512512207,-71.5615158081055,1108.41223144531,976.527770996094,-5.94337224960327,2.26181650161743,113.821929931641,59.3922538757324,-4.51392030715942,-2.07174324989319,-1.06774437427521,-0.287169367074966,70
738533.39505939208902418613,56.5524978637695,-4.42829751968384,17.7406005859375,0.0117647647857666,0.00392162799835205,42.4942245483398,-71.561393737793,1107.57312011719,975.879760742188,-4.88690900802612,2.32526850700378,113.89192199707,59.4350395202637,-4.5479621887207,2.61563968658447,-1.07055521011353,-0.290787726640701,70
738533.39506148279178887606,56.5835723876953,-4.44612741470337,17.7037353515625,0.0117647647857666,0.00392162799835205,42.494197845459,-71.5612716674805,1106.68835449219,975.193237304688,-4.0295672416687,2.40686130523682,114.037734985352,59.454948425293,-4.59188747406006,4.77619743347168,-1.07362246513367,-0.294572353363037,70
738533.39506352914031594992,56.5794372558594,-4.36867427825928,17.8158531188965,0.0117647647857666,0.00392162799835205,42.4941673278809,-71.561149597168,1105.83605957031,974.533752441406,-4.26640558242798,2.5595395565033,114.242469787598,59.4787559509277,-4.63558149337769,2.00007271766663,-1.07668328285217,-0.298260599374771,70
738533.39506559062283486128,56.587100982666,-4.315842628479,18.0117111206055,0.0117647647857666,0.00392162799835205,42.494140625,-71.5610275268555,1104.99792480469,973.770080566406,-5.0207257270813,2.71647453308105,114.446182250977,59.541145324707,-4.66934251785278,-2.56351852416992,-1.0797210931778,-0.301959216594696,70
738533.39506798447109758854,56.6160621643066,-4.62685489654541,18.1310520172119,0.0117647647857666,0.00392162799835205,42.4941062927246,-71.5608825683594,1103.97631835938,972.824340820312,-4.09954023361206,2.78030610084534,114.420471191406,59.6281929016113,-4.70360612869263,-3.8212149143219,-1.08330392837524,-0.306296855211258,70
738533.39507005130872130394,56.6607780456543,-4.30150413513184,18.1112880706787,0.0117647647857666,0.00392162799835205,42.4940795898438,-71.5607604980469,1103.11083984375,972.024169921875,-4.92363786697388,2.71683812141418,114.186019897461,59.6403007507324,-4.74255990982056,-0.492955476045609,-1.08653366565704,-0.310055285692215,70
738533.39507206692360341549,56.6934394836426,-4.3466329574585,18.1857490539551,0.0117647647857666,0.00392162799835205,42.4940528869629,-71.5606384277344,1102.28088378906,971.258911132812,-6.0237832069397,2.69018769264221,114.173324584961,59.6972427368164,-4.76115083694458,-1.59383320808411,-1.08961260318756,-0.313804864883423,70
738533.39507448859512805939,56.7410278320312,-4.29451465606689,18.2654895782471,0.0117647647857666,0.00392162799835205,42.4940185546875,-71.5604934692383,1101.27124023438,970.326599121094,-4.9444375038147,2.68549394607544,114.583419799805,59.7629928588867,-4.77054405212402,-1.53276634216309,-1.0932354927063,-0.318319320678711,70
738533.39507657825015485287,56.8341598510742,-4.03001356124878,18.2071094512939,0.0117647647857666,0.00392162799835205,42.4939880371094,-71.5603713989258,1100.46301269531,969.583557128906,-5.756995677948,2.65984964370728,115.000328063965,59.8152275085449,-4.76489305496216,2.78509068489075,-1.0961856842041,-0.322145104408264,70
738533.39507894648704677820,56.9388236999512,-4.08840894699097,18.2269134521484,0.0117647647857666,0.00392162799835205,42.493953704834,-71.5602264404297,1099.53234863281,968.729553222656,-6.33934879302979,2.70755791664124,115.368713378906,59.9246635437012,-4.72921991348267,3.64838814735413,-1.09937262535095,-0.326645612716675,70
738533.39508118003141134977,56.975643157959,-4.2433614730835,18.3780708312988,0.0117647647857666,0.00392162799835205,42.4939231872559,-71.5600891113281,1098.63537597656,967.904663085938,-5.29848670959473,2.88364934921265,115.57364654541,60.0165252685547,-4.69058322906494,0.314393728971481,-1.1022914648056,-0.330902844667435,70
738533.39508348412346094847,56.934009552002,-4.36579036712646,18.5886306762695,0.0117647647857666,0.00392162799835205,42.4938926696777,-71.5599517822266,1097.69543457031,967.037048339844,-3.45857572555542,3.15985822677612,115.636123657227,60.0506324768066,-4.66982460021973,-4.01071882247925,-1.1053649187088,-0.335247963666916,70
738533.39508574898354709148,56.8662528991699,-4.29624700546265,18.7390899658203,0.0117647647857666,0.00392162799835205,42.4938583374023,-71.559814453125,1096.78649902344,966.197143554688,-2.51800894737244,3.37080693244934,115.664138793945,60.0281791687012,-4.67024278640747,-5.38679552078247,-1.1084748506546,-0.339439630508423,70
738533.39508809300605207682,56.8257026672363,-4.05081033706665,18.7610359191895,0.0117647647857666,0.00392162799835205,42.4938278198242,-71.5596771240234,1095.86022949219,965.343383789062,-2.89702987670898,3.35753846168518,115.826675415039,59.979549407959,-4.67082548141479,-2.21118688583374,-1.11175167560577,-0.343924105167389,70
738533.39509010582696646452,56.8486480712891,-3.84643650054932,18.6988220214844,0.0117647647857666,0.00392162799835205,42.4937973022461,-71.5595550537109,1095.10729980469,964.617553710938,-3.7964174747467,3.22286009788513,116.094566345215,59.9684066772461,-4.64907073974609,2.13217663764954,-1.11436927318573,-0.347831040620804,70
738533.39509237278252840042,56.880054473877,-3.85576796531677,18.6589851379395,0.0117647647857666,0.00392162799835205,42.493766784668,-71.5594177246094,1094.25988769531,963.494750976562,-3.67962837219238,2.93239593505859,116.332954406738,59.9863739013672,-4.59809350967407,4.64057350158691,-1.11706650257111,-0.352282553911209,70
738533.39509476767852902412,56.8670501708984,-3.62571573257446,18.806224822998,0.0117647647857666,0.00392162799835205,42.4937324523926,-71.5592803955078,1093.42065429688,962.374389648438,-4.3920316696167,2.77661728858948,116.432510375977,60.0056762695312,-4.53362321853638,1.15469551086426,-1.11963617801666,-0.356853723526001,70
738533.39509710064157843590,56.8932647705078,-3.48347496986389,18.9578380584717,0.0117647647857666,0.00392162799835205,42.4936981201172,-71.5591354370117,1092.61315917969,961.451843261719,-5.74169254302979,2.67442655563354,116.55647277832,60.0697746276855,-4.44561958312988,-1.52390742301941,-1.12194132804871,-0.361532926559448,70
738533.39509947015903890133,56.9443778991699,-3.59528732299805,18.9829216003418,0.0117647647857666,0.00392162799835205,42.4936637878418,-71.5589981079102,1091.81958007812,960.77099609375,-4.93470335006714,2.46714210510254,116.780937194824,60.132682800293,-4.34766435623169,0.0114884106442332,-1.12394869327545,-0.366135984659195,70
738533.39510143816005438566,56.983757019043,-3.5453474521637,18.9863147735596,0.0117647647857666,0.00392162799835205,42.4936332702637,-71.5588760375977,1091.12365722656,960.172546386719,-3.83334493637085,2.21676993370056,116.873046875,60.1680870056152,-4.27454948425293,1.73985993862152,-1.12566137313843,-0.370143532752991,70
738533.39510365994647145271,57.0201683044434,-3.41708493232727,19.1281318664551,0.0117647647857666,0.00392162799835205,42.4936027526855,-71.5587387084961,1090.38098144531,959.538024902344,-5.05895709991455,2.11767411231995,116.613693237305,60.2400321960449,-4.20046091079712,-1.22422182559967,-1.12748825550079,-0.37460058927536,70
738533.39510594564490020275,57.0407905578613,-3.79017853736877,19.2105026245117,0.0117647647857666,0.00392162799835205,42.4935684204102,-71.5586013793945,1089.59533691406,958.861083984375,-4.81026840209961,2.03609728813171,116.036437988281,60.308048248291,-4.13330793380737,-2.30225777626038,-1.12926709651947,-0.379155606031418,70
738533.39510831958614289761,57.0523338317871,-3.7751202583313,19.1507225036621,0.0117647647857666,0.00392162799835205,42.4935340881348,-71.558464050293,1088.72875976562,958.108215332031,-3.22253274917603,1.78446280956268,115.516525268555,60.2990074157715,-4.10683012008667,1.56948268413544,-1.13139736652374,-0.383964329957962,70
738533.39511066360864788294,57.0871810913086,-3.63627529144287,19.1463584899902,0.0117647647857666,0.00392162799835205,42.4934997558594,-71.5583190917969,1087.90502929688,957.397155761719,-4.11073923110962,1.39322257041931,115.207244873047,60.3220672607422,-4.10161924362183,2.53380417823792,-1.13360905647278,-0.388735830783844,70
738533.39511304732877761126,57.1216659545898,-3.91441535949707,19.2170028686523,0.0117647647857666,0.00392162799835205,42.493465423584,-71.5581817626953,1087.05554199219,956.661010742188,-4.09096574783325,0.950156211853027,114.823760986328,60.3945426940918,-4.09859561920166,0.488030165433884,-1.13580965995789,-0.393558949232101,70
738533.39511539158411324024,57.1132392883301,-3.97342681884766,19.1992835998535,0.0117647647857666,0.00392162799835205,42.4934310913086,-71.5580368041992,1086.15295410156,955.872314453125,-3.01873850822449,0.416281402111053,114.333999633789,60.3847885131836,-4.1232123374939,1.07073152065277,-1.13826608657837,-0.398446708917618,70
738533.39511742454487830400,57.0903205871582,-3.74319314956665,19.1564521789551,0.0117647647857666,0.00392162799835205,42.4934043884277,-71.5579147338867,1085.41540527344,955.231018066406,-3.57767510414124,-0.076946921646595,114.243835449219,60.3347816467285,-4.15514993667603,1.37702643871307,-1.14045464992523,-0.402594387531281,70
738533.39511974470224231482,57.0865898132324,-3.49329686164856,19.1719360351562,0.0117647647857666,0.00392162799835205,42.4933700561523,-71.5577774047852,1084.60803222656,954.536254882812,-4.45993852615356,-0.639319717884064,114.822357177734,60.3211822509766,-4.16895198822021,-1.0163791179657,-1.14283263683319,-0.407445669174194,70
738533.39512210909742861986,57.0875663757324,-3.39570784568787,19.2191963195801,0.0117647647857666,0.00392162799835205,42.4933319091797,-71.5576324462891,1083.8154296875,953.858154296875,-3.63067007064819,-1.08816576004028,115.876876831055,60.3315696716309,-4.14423131942749,-4.12199115753174,-1.1449316740036,-0.412420898675919,70
738533.39512413018383085728,57.0984535217285,-3.24776697158813,19.1719398498535,0.0117647647857666,0.00392162799835205,42.4933052062988,-71.5575103759766,1083.17431640625,953.312561035156,-2.96847033500671,-1.05135095119476,116.64900970459,60.3186912536621,-4.10180425643921,-3.71656179428101,-1.14647114276886,-0.416580945253372,70
738533.39512641285546123981,57.1313591003418,-2.9592490196228,19.0488700866699,0.0117647647857666,0.00392162799835205,42.4932708740234,-71.557373046875,1082.47021484375,952.72119140625,-3.86458563804626,-0.98818838596344,117.181884765625,60.2960090637207,-4.02611875534058,-1.5452481508255,-1.14797949790955,-0.421464294195175,70
738533.39512833522167056799,57.1897735595703,-2.80283069610596,18.9329032897949,0.0117647647857666,0.00392162799835205,42.4932441711426,-71.5572509765625,1081.9208984375,952.266540527344,-4.90955400466919,-0.954229056835175,117.4189453125,60.3073883056641,-3.93751287460327,0.4040866792202,-1.1489166021347,-0.425543695688248,70
738533.39513063186313956976,57.2505378723145,-2.74100971221924,18.8338279724121,0.0117647647857666,0.00392162799835205,42.4932098388672,-71.5571212768555,1081.30200195312,951.758666992188,-4.91029214859009,-0.943030416965485,117.673690795898,60.3311729431152,-3.81431174278259,1.2945419549942,-1.14967882633209,-0.430281132459641,70
738533.39513297565281391144,57.2738304138184,-2.65605401992798,18.797046661377,0.0117647647857666,0.00392162799835205,42.4931755065918,-71.5569763183594,1080.68286132812,951.253051757812,-3.88852262496948,-0.875480592250824,117.999778747559,60.3380088806152,-3.68407320976257,0.240953132510185,-1.15021502971649,-0.435103684663773,70
738533.39513496286235749722,57.2921752929688,-2.48345065116882,18.7731266021729,0.0117647647857666,0.00392162799835205,42.4931488037109,-71.5568542480469,1080.15368652344,950.825744628906,-3.68057990074158,-0.727513909339905,118.236503601074,60.3406257629395,-3.56878876686096,-0.537740468978882,-1.15051734447479,-0.439417034387589,70
738533.39513720094691962004,57.3513374328613,-2.44170689582825,18.6828308105469,0.0117647647857666,0.00392162799835205,42.4931144714355,-71.5567169189453,1079.60583496094,950.388427734375,-4.21836709976196,-0.547074735164642,118.243087768555,60.3670921325684,-3.44148421287537,1.2578489780426,-1.15060317516327,-0.444039583206177,70
738533.39513948524836450815,57.4242477416992,-2.48121285438538,18.577320098877,0.0117647647857666,0.00392162799835205,42.4930839538574,-71.5565795898438,1079.04309082031,949.939392089844,-4.25847911834717,-0.396477788686752,117.913757324219,60.4054412841797,-3.31911182403564,3.47325778007507,-1.15052855014801,-0.448759585618973,70
738533.39514153206255286932,57.4575843811035,-2.59459972381592,18.5276489257812,0.0117647647857666,0.00392162799835205,42.4930534362793,-71.5564575195312,1078.52185058594,949.521118164062,-3.7102153301239,-0.299608200788498,117.420097351074,60.4266471862793,-3.22761726379395,3.6961076259613,-1.15043890476227,-0.453004568815231,70
738533.39514373533893376589,57.4301261901855,-2.71042275428772,18.5285511016846,0.0117647647857666,0.00392162799835205,42.4930229187012,-71.5563278198242,1077.93225097656,949.043395996094,-2.56727480888367,-0.225196182727814,116.876182556152,60.4059028625488,-3.15928387641907,1.91218137741089,-1.15044128894806,-0.457557320594788,70
738533.39514599298126995564,57.3436698913574,-2.67441368103027,18.5754814147949,0.0117647647857666,0.00392162799835205,42.492992401123,-71.5561904907227,1077.33032226562,948.553649902344,-1.82357048988342,-0.145574137568474,116.53092956543,60.3365364074707,-3.12264227867126,-1.31451284885406,-1.15058851242065,-0.462136685848236,70
738533.39514828391838818789,57.2584190368652,-2.34077644348145,18.6314334869385,0.0117647647857666,0.00392162799835205,42.4929580688477,-71.5560531616211,1076.74267578125,948.090698242188,-2.60769701004028,-0.0459592752158642,116.519226074219,60.2589111328125,-3.09788846969604,-4.25974178314209,-1.15075218677521,-0.466866761445999,70
738533.39515054994262754917,57.2527809143066,-2.17394685745239,18.5721321105957,0.0117647647857666,0.00392162799835205,42.4929275512695,-71.5559158325195,1076.22973632812,947.720581054688,-3.90358996391296,-0.0265280958265066,116.91828918457,60.2289886474609,-3.04926633834839,-2.77976298332214,-1.15060901641846,-0.47152191400528,70
738533.39515273121651262045,57.2682342529297,-2.20525026321411,18.3929634094238,0.0117647647857666,0.00392162799835205,42.4928970336914,-71.5557861328125,1075.7470703125,947.37353515625,-2.64564323425293,-0.155139327049255,117.513656616211,60.1898231506348,-2.98256278038025,1.93818283081055,-1.15019905567169,-0.47590497136116,70
738533.39515469700563699007,57.2648239135742,-2.05609393119812,18.2135429382324,0.0117647647857666,0.00392162799835205,42.4928703308105,-71.5556640625,1075.30883789062,947.062866210938,-1.66013360023499,-0.249564483761787,117.955368041992,60.1267051696777,-2.91749954223633,5.65086269378662,-1.14970672130585,-0.479997426271439,70
738533.39515703450888395309,57.22265625,-1.85432517528534,18.1935176849365,0.0117647647857666,0.00392162799835205,42.4928359985352,-71.5555267333984,1074.841796875,946.744689941406,-2.43706846237183,-0.122344367206097,118.148086547852,60.0739135742188,-2.83106279373169,3.32749176025391,-1.14891111850739,-0.484716266393661,70
738533.39515905780717730522,57.1731872558594,-1.94786846637726,18.2664318084717,0.0117647647857666,0.00392162799835205,42.4928092956543,-71.5554046630859,1074.43994140625,946.47265625,-2.60865497589111,0.0919568762183189,118.083480834961,60.0518951416016,-2.74428868293762,-0.488249748945236,-1.1479914188385,-0.488842248916626,70
738533.39516144723165780306,57.0850677490234,-2.11858892440796,18.2674140930176,0.0117647647857666,0.00392162799835205,42.4927787780762,-71.5552597045898,1073.93334960938,946.11572265625,-0.690264701843262,0.314734160900116,117.894035339355,59.9740943908691,-2.66015458106995,-1.11971092224121,-1.14692258834839,-0.493588894605637,70
738533.39516345458105206490,57.0048179626465,-1.87957954406738,18.210865020752,0.0117647647857666,0.00392162799835205,42.492748260498,-71.5551376342773,1073.50842285156,945.822265625,-0.679482877254486,0.421242356300354,117.689094543457,59.8725090026855,-2.60819053649902,0.0954798683524132,-1.14605891704559,-0.497754871845245,70
738533.39516551280394196510,56.9252166748047,-2.00206422805786,18.2497596740723,0.0117647647857666,0.00392162799835205,42.4927215576172,-71.5550155639648,1073.10693359375,945.547912597656,-1.0412929058075,0.13956743478775,117.398803710938,59.8125610351562,-2.55770015716553,-2.13418936729431,-1.14512073993683,-0.501776695251465,70
738533.39516787580214440823,56.7744445800781,-2.02748107910156,18.2387866973877,0.0117647647857666,0.00392162799835205,42.4926872253418,-71.5548706054688,1072.59375,944.968383789062,0.522581398487091,-0.380985677242279,117.100616455078,59.6665878295898,-2.51430320739746,-3.05668306350708,-1.144047498703,-0.506599068641663,70
738533.39517020655330270529,56.6327934265137,-1.57258355617523,18.036304473877,0.0117647647857666,0.00392162799835205,42.4926567077637,-71.5547332763672,1072.15112304688,945.956359863281,0.0573701225221157,-0.996983230113983,117.180473327637,59.4563255310059,-2.47933888435364,0.741590857505798,-1.14298152923584,-0.511270940303802,70
738533.39517246780451387167,56.5885734558105,-1.37040376663208,17.8644161224365,0.0117647647857666,0.00392162799835205,42.4926223754883,-71.5545959472656,1071.79113769531,947.675842285156,-1.23552465438843,-1.62864792346954,117.51195526123,59.3572387695312,-2.40950775146484,2.42792177200317,-1.14152872562408,-0.515814185142517,70
738533.39517478528432548046,56.5599517822266,-1.40528190135956,17.8206462860107,0.0117647647857666,0.00392162799835205,42.4925918579102,-71.5544586181641,1071.43383789062,949.262878417969,-1.15437614917755,-2.14980387687683,117.594741821289,59.3176040649414,-2.30817222595215,-0.168466866016388,-1.13965511322021,-0.520455181598663,70
738533.39517677016556262970,56.5269622802734,-1.38427901268005,17.8145999908447,0.0117647647857666,0.00392162799835205,42.4925651550293,-71.5543365478516,1071.12768554688,950.598999023438,-1.25181245803833,-2.12514543533325,117.206809997559,59.2838401794434,-2.22132682800293,-3.11521649360657,-1.13794326782227,-0.524366021156311,70
738533.39517908135894685984,56.5212135314941,-1.27049040794373,17.7527236938477,0.0117647647857666,0.00392162799835205,42.4925346374512,-71.5542068481445,1070.78552246094,952.179809570312,-2.9165825843811,-1.98674762248993,116.36368560791,59.2572441101074,-2.12580132484436,-4.18368816375732,-1.13583838939667,-0.528925120830536,70
738533.39518136961851269007,56.5657348632812,-1.39386582374573,17.6069564819336,0.0117647647857666,0.00392162799835205,42.492504119873,-71.5540618896484,1070.44470214844,953.773071289062,-4.13183069229126,-1.88779592514038,115.546836853027,59.2590103149414,-2.03455758094788,-1.99969267845154,-1.1335883140564,-0.533486068248749,70
738533.39518331899307668209,56.5988502502441,-1.54457521438599,17.5332698822021,0.0117647647857666,0.00392162799835205,42.4924774169922,-71.5539474487305,1070.12866210938,955.052673339844,-3.4420006275177,-1.82044506072998,115.094444274902,59.272518157959,-1.97571909427643,-1.8235445022583,-1.13172376155853,-0.537321031093597,70
738533.39518566476181149483,56.6221237182617,-1.53600990772247,17.5291576385498,0.0117647647857666,0.00392162799835205,42.4924468994141,-71.5538101196289,1069.73376464844,956.532287597656,-2.86227345466614,-1.61472809314728,114.59008026123,59.2933044433594,-1.94029784202576,-4.09112358093262,-1.12970650196075,-0.54182356595993,70
738533.39518805895932018757,56.6755905151367,-1.6753693819046,17.4230918884277,0.0117647647857666,0.00392162799835205,42.4924163818359,-71.5536651611328,1069.32800292969,958.07373046875,-4.10929775238037,-1.38668417930603,113.865356445312,59.3168907165527,-1.92562139034271,-2.4251925945282,-1.12770700454712,-0.54648756980896,70
738533.39519018598366528749,56.6853218078613,-1.98174571990967,17.2372436523438,0.0117647647857666,0.00392162799835205,42.4923896789551,-71.5535430908203,1068.92150878906,959.356750488281,-2.96745300292969,-1.30172598361969,113.363479614258,59.2813262939453,-1.93727111816406,1.77473711967468,-1.12614870071411,-0.550517022609711,70
738533.39519226795528084040,56.641227722168,-1.87930774688721,17.1209735870361,0.0117647647857666,0.00392162799835205,42.492359161377,-71.5534133911133,1068.48352050781,960.668029785156,-1.71222531795502,-1.1961430311203,113.312202453613,59.2020950317383,-1.98366725444794,2.50400495529175,-1.1248482465744,-0.554669857025146,70
738533.39519433886744081974,56.6047706604004,-1.68892455101013,17.0977916717529,0.0117647647857666,0.00392162799835205,42.4923324584961,-71.5532913208008,1068.10241699219,961.947998046875,-2.39000868797302,-1.03025925159454,113.647468566895,59.1547737121582,-2.03073287010193,0.443091243505478,-1.1236754655838,-0.558573722839355,70
738533.39519651723094284534,56.6066551208496,-1.70411467552185,17.051513671875,0.0117647647857666,0.00392162799835205,42.4923057556152,-71.5531616210938,1067.70458984375,962.808654785156,-2.80454158782959,-0.922237515449524,114.099601745605,59.1436538696289,-2.0631206035614,-0.171772390604019,-1.12231040000916,-0.562747359275818,70
738533.39519887382630258799,56.6178550720215,-1.77455615997314,17.0092697143555,0.0117647647857666,0.00392162799835205,42.4922752380371,-71.5530242919922,1067.26538085938,961.627136230469,-2.65693640708923,-0.908048629760742,114.421752929688,59.1442794799805,-2.08485269546509,-0.872252345085144,-1.12076210975647,-0.567236602306366,70
738533.39520086429547518492,56.6277809143066,-1.82743883132935,16.9231510162354,0.0117647647857666,0.00392162799835205,42.4922485351562,-71.5529022216797,1066.88122558594,960.616638183594,-2.572190284729,-0.944574356079102,114.434707641602,59.130687713623,-2.10185146331787,0.152170687913895,-1.11948764324188,-0.571004271507263,70
738533.39520318596623837948,56.6417961120605,-1.76921403408051,16.794771194458,0.0117647647857666,0.00392162799835205,42.4922180175781,-71.5527648925781,1066.43518066406,959.439758300781,-3.33146619796753,-0.953697860240936,114.317512512207,59.1057281494141,-2.12365031242371,1.78060865402222,-1.11806643009186,-0.575357139110565,70
738533.39520554011687636375,56.6606483459473,-1.707839012146,16.72239112854,0.0117647647857666,0.00392162799835205,42.4921913146973,-71.5526275634766,1066.0166015625,958.317260742188,-4.06137943267822,-0.861191749572754,114.405227661133,59.1014747619629,-2.13777303695679,1.60980594158173,-1.11665594577789,-0.579570829868317,70
738533.39520759042352437973,56.6532707214355,-1.79833579063416,16.6940536499023,0.0117647647857666,0.00392162799835205,42.4921646118164,-71.5525054931641,1065.63513183594,957.449462890625,-3.30946660041809,-0.719688057899475,114.804176330566,59.0890731811523,-2.14163017272949,0.737779915332794,-1.11531245708466,-0.583405673503876,70
738533.39520986436400562525,56.586483001709,-1.83325088024139,16.6213111877441,0.0117647647857666,0.00392162799835205,42.4921340942383,-71.552360534668,1065.18322753906,956.44970703125,-0.924270510673523,-0.557685494422913,115.488677978516,59.0055847167969,-2.14958953857422,1.30315864086151,-1.1138528585434,-0.587679266929626,70
738533.39521226531360298395,56.4771347045898,-1.68156599998474,16.5280532836914,0.0117647647857666,0.00392162799835205,42.4921035766602,-71.5522232055664,1064.74658203125,955.465209960938,0.00422054994851351,-0.376683831214905,116.148582458496,58.8699493408203,-2.16030478477478,2.05295515060425,-1.11243999004364,-0.591940641403198,70
738533.39521428768057376146,56.3884162902832,-1.57639873027802,16.4952526092529,0.0117647647857666,0.00392162799835205,42.4920806884766,-71.5521011352539,1064.39208984375,954.633544921875,-0.5537109375,-0.218738600611687,116.539047241211,58.7727127075195,-2.15715479850769,1.01607370376587,-1.11110830307007,-0.595636606216431,70
738533.39521635975688695908,56.3025131225586,-1.61833596229553,16.5120086669922,0.0117647647857666,0.00392162799835205,42.4920539855957,-71.5519790649414,1064.03759765625,953.797180175781,-0.646911323070526,-0.117937617003918,116.73876953125,58.6961517333984,-2.13986778259277,-1.23773658275604,-1.10963463783264,-0.599353849887848,70
738533.39521839423105120659,56.2060203552246,-1.6952611207962,16.5149955749512,0.0117647647857666,0.00392162799835205,42.4920272827148,-71.5518569946289,1063.67626953125,953.280822753906,0.0602918639779091,-0.0832620561122894,116.781349182129,58.6066207885742,-2.12055349349976,-2.57827425003052,-1.1081520318985,-0.602999091148376,70
738533.39522065944038331509,56.0605926513672,-1.54397058486938,16.4752559661865,0.0117647647857666,0.00392162799835205,42.492000579834,-71.5517196655273,1063.26989746094,952.740417480469,0.574267506599426,-9.52272239373997e-05,116.776611328125,58.4517555236816,-2.10517191886902,-2.67702865600586,-1.10652327537537,-0.607083380222321,70
738533.39522303256671875715,55.9726409912109,-1.35069334506989,16.3335514068604,0.0117647647857666,0.00392162799835205,42.4919700622559,-71.5515823364258,1062.90197753906,952.236206054688,-0.597477316856384,0.245930656790733,116.788307189941,58.3227729797363,-2.07749843597412,0.367420226335526,-1.1047238111496,-0.611250221729279,70
738533.39522535225842148066,55.914608001709,-1.43001544475555,16.2542610168457,0.0117647647857666,0.00392162799835205,42.4919395446777,-71.5514450073242,1062.54223632812,952.038757324219,-0.768714308738708,0.327935814857483,116.687042236328,58.2467956542969,-2.03009152412415,1.1923451423645,-1.10269701480865,-0.615402698516846,70
738533.39522759872488677502,55.8024940490723,-1.45710492134094,16.2811489105225,0.0117647647857666,0.00392162799835205,42.4919128417969,-71.5513153076172,1062.1826171875,952.426147460938,0.112075448036194,0.370433747768402,116.467094421387,58.1473731994629,-1.98777306079865,-1.28097677230835,-1.10073232650757,-0.619338393211365,70
738533.39522994845174252987,55.6662673950195,-1.25432348251343,16.2943897247314,0.0117647647857666,0.00392162799835205,42.4918823242188,-71.5511779785156,1061.82934570312,952.850524902344,-0.250927329063416,0.447893530130386,116.260101318359,58.0156326293945,-1.94934380054474,-2.85605239868164,-1.09866940975189,-0.623447358608246,70
738533.39523226034361869097,55.6059951782227,-1.03139495849609,16.1996440887451,0.0117647647857666,0.00392162799835205,42.4918556213379,-71.5510406494141,1061.52795410156,954.170227050781,-1.76420474052429,0.442771762609482,116.197135925293,57.9268417358398,-1.89506578445435,-0.64926677942276,-1.0963898897171,-0.627528667449951,70
738533.39523458911571651697,55.6036911010742,-1.08332920074463,16.0517425537109,0.0117647647857666,0.00392162799835205,42.491828918457,-71.5509033203125,1061.24060058594,955.614440917969,-1.92419648170471,0.311155557632446,116.201972961426,57.8843879699707,-1.82097208499908,2.86425685882568,-1.09384524822235,-0.63156396150589,70
738533.39523683767765760422,55.587532043457,-1.12256586551666,15.9851980209351,0.0117647647857666,0.00392162799835205,42.4917984008789,-71.5507736206055,1060.94470214844,957.015686035156,-1.33064317703247,0.203147619962692,116.03369140625,57.8511924743652,-1.75142538547516,3.24553537368774,-1.09126579761505,-0.635503232479095,70
738533.39523918519262224436,55.5536346435547,-1.01613056659698,16.0049724578857,0.0117647647857666,0.00392162799835205,42.491771697998,-71.5506362915039,1060.64892578125,958.474975585938,-2.26085877418518,0.22890841960907,115.54655456543,57.8221244812012,-1.69062721729279,0.800089359283447,-1.08857583999634,-0.639573633670807,70
738533.39524156565312296152,55.5543937683105,-1.03870558738708,15.9960088729858,0.0117647647857666,0.00392162799835205,42.4917411804199,-71.5504989624023,1060.3623046875,959.959594726562,-3.56626343727112,0.303238421678543,114.959953308105,57.8207740783691,-1.63211739063263,0.00928468815982342,-1.08576095104218,-0.64365941286087,70
738533.39524389756843447685,55.5346717834473,-1.18615829944611,15.9283113479614,0.0117647647857666,0.00392162799835205,42.4917144775391,-71.5503616333008,1060.06164550781,961.386535644531,-2.81382894515991,0.36277711391449,114.712882995605,57.7859687805176,-1.58608198165894,1.27615797519684,-1.08300375938416,-0.647624015808105,70
738533.39524633972905576229,55.4530296325684,-1.08217561244965,15.9432106018066,0.0117647647857666,0.00392162799835205,42.4916839599609,-71.5502166748047,1059.73681640625,962.878051757812,-1.39213109016418,0.553483247756958,114.990493774414,57.7095794677734,-1.56105816364288,-0.251385778188705,-1.0802218914032,-0.651798009872437,70
738533.39524847595021128654,55.392936706543,-0.866064310073853,16.0247707366943,0.0117647647857666,0.00392162799835205,42.4916572570801,-71.5500946044922,1059.4814453125,964.236328125,-1.81762504577637,0.82148802280426,115.384574890137,57.6707954406738,-1.54091048240662,-3.0708475112915,-1.07770419120789,-0.655504882335663,70
738533.39525114325806498528,55.3692283630371,-1.11146795749664,16.0436859130859,0.0117647647857666,0.00392162799835205,42.4916305541992,-71.5499572753906,1059.2158203125,965.697082519531,-2.22961235046387,1.04175281524658,115.506935119629,57.6574935913086,-1.50521063804626,-3.20725178718567,-1.07481873035431,-0.659437537193298,70
738533.39525349799077957869,55.2949371337891,-1.18140494823456,15.8878707885742,0.0117647647857666,0.00392162799835205,42.4915962219238,-71.5497894287109,1058.82348632812,967.756469726562,-0.644127488136292,1.06375312805176,115.354858398438,57.5443305969238,-1.48613023757935,1.96637332439423,-1.07139205932617,-0.664395272731781,70
738533.39525578415486961603,55.2045555114746,-1.14261138439178,15.8367691040039,0.0117647647857666,0.00392162799835205,42.491569519043,-71.5496520996094,1058.51599121094,969.48291015625,-0.704542219638824,1.09346735477448,115.311195373535,57.4425964355469,-1.48975467681885,2.51899003982544,-1.06879591941833,-0.66829127073288,70
738533.39525777671951800585,55.1379280090332,-1.06468081474304,15.8152523040771,0.0117647647857666,0.00392162799835205,42.4915428161621,-71.5495376586914,1058.25744628906,970.992736816406,-1.18717908859253,1.12092268466949,115.373672485352,57.3711357116699,-1.49446940422058,2.24173665046692,-1.06654095649719,-0.671705603599548,70
738533.39525985135696828365,55.0934600830078,-0.954786121845245,15.8276615142822,0.0117647647857666,0.00392162799835205,42.4915199279785,-71.5494155883789,1058.00524902344,971.852844238281,-1.91955673694611,1.14183855056763,115.482879638672,57.3298873901367,-1.49184727668762,1.0913610458374,-1.06410360336304,-0.675288796424866,70
738533.39526214811485260725,55.0715866088867,-0.942030072212219,15.8809452056885,0.0117647647857666,0.00392162799835205,42.4914894104004,-71.5492858886719,1057.74133300781,971.019348144531,-2.32573199272156,1.14614963531494,115.511810302734,57.3233947753906,-1.47465324401855,-0.939021408557892,-1.06128036975861,-0.679189920425415,70
738533.39526424976065754890,55.0546646118164,-1.06377649307251,15.9320049285889,0.0117647647857666,0.00392162799835205,42.4914665222168,-71.5491638183594,1057.49584960938,970.270080566406,-1.94657266139984,1.13488447666168,115.317611694336,57.3234367370605,-1.45497524738312,-2.4611644744873,-1.05872452259064,-0.682652235031128,70
738533.39526662603020668030,55.0044708251953,-1.14431607723236,16.0097351074219,0.0117647647857666,0.00392162799835205,42.4914360046387,-71.5490264892578,1057.18664550781,969.377380371094,-1.49588286876678,1.19346809387207,114.781692504883,57.298454284668,-1.44527268409729,-4.55003499984741,-1.05586349964142,-0.686657011508942,70
738533.39526866120286285877,54.9536476135254,-1.1498818397522,15.9875736236572,0.0117647647857666,0.00392162799835205,42.4914131164551,-71.5489044189453,1056.90954589844,968.588684082031,-1.81518280506134,1.32791888713837,114.269218444824,57.2435874938965,-1.44976603984833,-3.1618344783783,-1.05345845222473,-0.690194249153137,70
738533.39527101849671453238,54.9123764038086,-1.14758086204529,15.8779535293579,0.0117647647857666,0.00392162799835205,42.491382598877,-71.5487670898438,1056.60021972656,967.702453613281,-1.98935401439667,1.49013721942902,114.044227600098,57.1733818054199,-1.46114480495453,0.784722506999969,-1.05080091953278,-0.694183707237244,70
738533.39527311106212437153,54.856819152832,-1.2294420003891,15.8522415161133,0.0117647647857666,0.00392162799835205,42.4913597106934,-71.5486450195312,1056.31396484375,966.899597167969,-0.967245042324066,1.61782097816467,114.217872619629,57.1145820617676,-1.47402024269104,1.48542785644531,-1.04845488071442,-0.697777688503265,70
738533.39527517871465533972,54.7627754211426,-1.26184248924255,15.9203300476074,0.0117647647857666,0.00392162799835205,42.4913330078125,-71.5485305786133,1056.02172851562,966.101379394531,0.29012006521225,1.73376429080963,114.462348937988,57.0439376831055,-1.4929906129837,-0.682825684547424,-1.04623401165009,-0.701291859149933,70
738533.39527727442327886820,54.6806526184082,-1.22348654270172,15.9773387908936,0.0117647647857666,0.00392162799835205,42.4913101196289,-71.5484085083008,1055.73071289062,965.303466796875,0.154695898294449,1.80142104625702,114.438598632812,56.980224609375,-1.51576387882233,-1.96169984340668,-1.04407072067261,-0.704816579818726,70
738533.39527928864117711782,54.6600685119629,-1.30279183387756,15.9426240921021,0.0117647647857666,0.00392162799835205,42.491283416748,-71.5482940673828,1055.44641113281,964.521789550781,-1.29960036277771,1.77679693698883,113.979949951172,56.9525032043457,-1.5353684425354,-0.243652522563934,-1.04195654392242,-0.708275675773621,70
738533.39528158260509371758,54.6317710876465,-1.69940674304962,15.9425392150879,0.0117647647857666,0.00392162799835205,42.4912567138672,-71.5481567382812,1055.05969238281,963.558898925781,-1.37280809879303,1.70471215248108,113.09789276123,56.9357795715332,-1.56890487670898,-0.243740677833557,-1.03965747356415,-0.712295353412628,70
738533.39528376341331750154,54.5512771606445,-1.79202306270599,16.0236682891846,0.0117647647857666,0.00392162799835205,42.4912300109863,-71.5480346679688,1054.65478515625,962.624145507812,-0.721555709838867,1.69808745384216,112.353240966797,56.8841896057129,-1.63386583328247,-2.60033345222473,-1.03793299198151,-0.715996444225311,70
738533.39528605004306882620,54.496753692627,-1.69127476215363,16.0406455993652,0.0117647647857666,0.00392162799835205,42.4912033081055,-71.5479049682617,1054.24108886719,961.656921386719,-1.82059788703918,1.73315644264221,111.885009765625,56.8336067199707,-1.7200186252594,-2.20734643936157,-1.0364021062851,-0.719887793064117,70
738533.39528844784945249557,54.5193786621094,-1.87745475769043,15.9137897491455,0.0117647647857666,0.00392162799835205,42.4911727905273,-71.5477676391602,1053.80310058594,960.641662597656,-2.70003700256348,1.73454940319061,111.657539367676,56.8254890441895,-1.80352663993835,2.65627026557922,-1.03488349914551,-0.723966479301453,70
738533.39529041736386716366,54.5424003601074,-2.08022737503052,15.7978391647339,0.0117647647857666,0.00392162799835205,42.4911499023438,-71.5476531982422,1053.38903808594,959.734558105469,-2.09635233879089,1.72733354568481,111.497901916504,56.8222923278809,-1.87978780269623,6.51841402053833,-1.03376197814941,-0.727448642253876,70
738533.39529245707672089338,54.5219383239746,-2.22064828872681,15.800931930542,0.0117647647857666,0.00392162799835205,42.4911231994629,-71.5475311279297,1052.94116210938,958.790771484375,-1.64541494846344,1.84507727622986,111.301719665527,56.8088264465332,-1.97070789337158,6.04509115219116,-1.03289568424225,-0.730958461761475,70
738533.39529481728095561266,54.4608879089355,-2.26490616798401,15.9443588256836,0.0117647647857666,0.00392162799835205,42.491096496582,-71.5473937988281,1052.40319824219,957.675109863281,-2.42507123947144,2.15484929084778,111.105667114258,56.7920837402344,-2.08861756324768,1.5571436882019,-1.03218698501587,-0.735037267208099,70
738533.39529721578583121300,54.4335784912109,-2.37293982505798,16.1092166900635,0.0117647647857666,0.00392162799835205,42.4910697937012,-71.5472640991211,1051.86340332031,956.568359375,-3.43918704986572,2.4747474193573,111.064109802246,56.8168296813965,-2.20337224006653,-2.2299633026123,-1.03169476985931,-0.73903900384903,70
738533.39529948565177619457,54.4356079101562,-2.58499217033386,16.1508255004883,0.0117647647857666,0.00392162799835205,42.491039276123,-71.5471343994141,1051.28784179688,955.425415039062,-2.84076762199402,2.59851384162903,111.203285217285,56.8398323059082,-2.3182966709137,-1.275266289711,-1.03142476081848,-0.743050098419189,70
738533.39530176506377756596,54.4278182983398,-2.6851487159729,16.1111526489258,0.0117647647857666,0.00392162799835205,42.4910125732422,-71.5469970703125,1050.68298339844,954.25927734375,-1.70486330986023,2.5239565372467,111.397338867188,56.825756072998,-2.44118785858154,1.92746758460999,-1.03147006034851,-0.747037768363953,70
738533.39530404808465391397,54.4156036376953,-2.64499044418335,16.1368713378906,0.0117647647857666,0.00392162799835205,42.4909820556641,-71.5468673706055,1050.07800292969,953.092895507812,-2.3799204826355,2.44768357276917,111.468711853027,56.8194732666016,-2.56397032737732,2.26914739608765,-1.03174531459808,-0.75104546546936,70
738533.39530636370182037354,54.4200820922852,-2.72057962417603,16.2418651580811,0.0117647647857666,0.00392162799835205,42.4909553527832,-71.5467376708984,1049.46875,951.918273925781,-3.73929309844971,2.4221978187561,111.387802124023,56.857234954834,-2.67133688926697,-0.135816603899002,-1.03210067749023,-0.75508451461792,70
738533.39530832704622298479,54.4165420532227,-2.89220809936523,16.3101024627686,0.0117647647857666,0.00392162799835205,42.4909286499023,-71.5466232299805,1048.92626953125,950.896118164062,-3.60021376609802,2.3945369720459,111.359489440918,56.8818473815918,-2.7545063495636,-1.23576092720032,-1.03250002861023,-0.758528530597687,70
738533.39531038363929837942,54.3944702148438,-2.93589949607849,16.3148937225342,0.0117647647857666,0.00392162799835205,42.4909057617188,-71.5465087890625,1048.35131835938,949.830444335938,-2.70741295814514,2.32525873184204,111.565887451172,56.8643417358398,-2.8420250415802,-0.072798527777195,-1.03308951854706,-0.762073040008545,70
738533.39531238330528140068,54.3708419799805,-2.75729918479919,16.2863445281982,0.0117647647857666,0.00392162799835205,42.4908790588379,-71.54638671875,1047.78173828125,948.763977050781,-2.67318654060364,2.27058935165405,112.097854614258,56.8246116638184,-2.92635655403137,1.9907203912735,-1.0338020324707,-0.765678226947784,70
738533.39531476609408855438,54.400089263916,-2.55886769294739,16.3119621276855,0.0117647647857666,0.00392162799835205,42.490852355957,-71.546257019043,1047.17761230469,947.677124023438,-4.27285003662109,2.24430251121521,112.91300201416,56.850658416748,-2.98971772193909,2.14929342269897,-1.03447759151459,-0.769851505756378,70
738533.39531704620458185673,54.4166030883789,-2.79241037368774,16.4340114593506,0.0117647647857666,0.00392162799835205,42.4908218383789,-71.5461196899414,1046.55786132812,947.271118164062,-3.84221124649048,2.25868701934814,113.494964599609,56.9125747680664,-3.01755905151367,-0.828861653804779,-1.03495872020721,-0.774019658565521,70
738533.39531932421959936619,54.4135093688965,-2.64446663856506,16.4726104736328,0.0117647647857666,0.00392162799835205,42.490795135498,-71.5459899902344,1045.9462890625,946.828125,-3.5942976474762,2.2909140586853,113.78678894043,56.9137077331543,-3.04249143600464,-0.225076645612717,-1.03550469875336,-0.778082251548767,70
738533.39532155229244381189,54.4398880004883,-2.4425733089447,16.4626502990723,0.0117647647857666,0.00392162799835205,42.4907646179199,-71.5458602905273,1045.38623046875,946.176818847656,-4.78218126296997,2.32828211784363,114.20866394043,56.9270248413086,-3.04983520507812,1.62880682945251,-1.03593909740448,-0.782119512557983,70
738533.39532392215915024281,54.4672088623047,-2.49287724494934,16.5367469787598,0.0117647647857666,0.00392162799835205,42.4907379150391,-71.5457305908203,1044.82006835938,945.408874511719,-4.50965785980225,2.39295887947083,114.881187438965,56.9767951965332,-3.03056240081787,0.501225054264069,-1.03616011142731,-0.786310493946075,70
738533.39532590238377451897,54.454345703125,-2.53910827636719,16.6772632598877,0.0117647647857666,0.00392162799835205,42.4907112121582,-71.5456161499023,1044.31237792969,944.428894042969,-3.3609893321991,2.56632018089294,115.404541015625,57.0074920654297,-3.00685834884644,-2.39530110359192,-1.03628635406494,-0.790027916431427,70
738533.39532789867371320724,54.4250221252441,-2.64368724822998,16.8086204528809,0.0117647647857666,0.00392162799835205,42.4906883239746,-71.5455017089844,1043.810546875,943.652221679688,-2.30592489242554,2.8104989528656,115.631317138672,57.022819519043,-2.98878526687622,-4.5211501121521,-1.03643333911896,-0.793599009513855,70
738533.39533020008821040392,54.3993072509766,-2.7577052116394,16.9001369476318,0.0117647647857666,0.00392162799835205,42.4906578063965,-71.5453643798828,1043.18859863281,942.700256347656,-1.81049799919128,3.10207056999207,115.390602111816,57.0307312011719,-2.98346066474915,-4.3516206741333,-1.03673899173737,-0.797889351844788,70
738533.39533228846266865730,54.3931617736816,-2.87084627151489,16.9000072479248,0.0117647647857666,0.00392162799835205,42.4906311035156,-71.5452499389648,1042.62280273438,941.946838378906,-2.0692150592804,3.27627420425415,114.764823913574,57.0304145812988,-2.99646663665771,-1.67973470687866,-1.03716480731964,-0.801694095134735,70
738533.39533457113429903984,54.3887939453125,-3.07588577270508,16.8538475036621,0.0117647647857666,0.00392162799835205,42.4906005859375,-71.5451202392578,1041.94567871094,941.25341796875,-2.137610912323,3.33089303970337,113.854072570801,57.0232772827148,-3.03321599960327,2.0051736831665,-1.03787767887115,-0.806044161319733,70
738533.39533685031346976757,54.3441543579102,-3.30646896362305,16.8584365844727,0.0117647647857666,0.00392162799835205,42.4905700683594,-71.5449829101562,1041.2392578125,940.531188964844,-1.27374505996704,3.28116536140442,113.099082946777,56.9949684143066,-3.097487449646,3.08376908302307,-1.03889918327332,-0.810312032699585,70
738533.39533911668695509434,54.2548904418945,-3.25694608688354,16.9759216308594,0.0117647647857666,0.00392162799835205,42.4905433654785,-71.5448532104492,1040.52136230469,939.797058105469,-1.07385766506195,3.25377893447876,112.667144775391,56.9419212341309,-3.18695831298828,0.703872740268707,-1.04025948047638,-0.814569532871246,70
738533.39534140937030315399,54.2179679870605,-3.17278409004211,17.1085014343262,0.0117647647857666,0.00392162799835205,42.4905128479004,-71.5447235107422,1039.80834960938,939.066345214844,-2.8083062171936,3.25185751914978,112.404609680176,56.9416885375977,-3.27609395980835,-1.41869258880615,-1.04177045822144,-0.818957507610321,70
738533.39534368866588920355,54.2438354492188,-3.3822295665741,17.1523246765137,0.0117647647857666,0.00392162799835205,42.4904823303223,-71.5445938110352,1039.10681152344,938.347351074219,-3.7399914264679,3.20649385452271,112.14436340332,56.9915390014648,-3.34738755226135,-0.704436123371124,-1.04323720932007,-0.82320499420166,70
738533.39534604700747877359,54.2425689697266,-3.59858083724976,17.1942329406738,0.0117647647857666,0.00392162799835205,42.4904518127441,-71.5444641113281,1038.3076171875,937.991271972656,-2.91706204414368,3.16034531593323,111.904174804688,57.0162048339844,-3.43080401420593,-0.011103542521596,-1.04503262042999,-0.827776849269867,70
738533.39534837496466934681,54.1998519897461,-3.49595141410828,17.3373374938965,0.0117647647857666,0.00392162799835205,42.490421295166,-71.5443267822266,1037.50268554688,937.877502441406,-2.9724326133728,3.29914522171021,111.884651184082,57.0125350952148,-3.52721881866455,-2.18334102630615,-1.04712188243866,-0.832349956035614,70
738533.39535036869347095490,54.2082290649414,-3.50298309326172,17.4449596405029,0.0117647647857666,0.00392162799835205,42.4903945922852,-71.5442123413086,1036.84582519531,937.800720214844,-3.95073223114014,3.54582381248474,112.064155578613,57.0537452697754,-3.59799838066101,-2.91853761672974,-1.04891657829285,-0.836219668388367,70
738533.39535235054790973663,54.2478408813477,-3.8179132938385,17.3978900909424,0.0117647647857666,0.00392162799835205,42.4903678894043,-71.5440979003906,1036.15600585938,937.6884765625,-3.04883980751038,3.66369366645813,112.210762023926,57.0972061157227,-3.66089057922363,1.17534017562866,-1.05075359344482,-0.840094447135925,70
738533.39535435684956610203,54.2600402832031,-3.93713307380676,17.3324642181396,0.0117647647857666,0.00392162799835205,42.4903411865234,-71.5439834594727,1035.40832519531,937.532043457031,-1.57795584201813,3.6666955947876,112.106567382812,57.096996307373,-3.73998355865479,5.57222700119019,-1.05289947986603,-0.84408700466156,70
738533.39535636524669826031,54.224723815918,-3.8360059261322,17.4089851379395,0.0117647647857666,0.00392162799835205,42.4903144836426,-71.5438766479492,1034.68103027344,937.3837890625,-2.36306953430176,3.70230507850647,111.804023742676,57.0798416137695,-3.82641077041626,4.76142454147339,-1.05521976947784,-0.848016858100891,70
738533.39535874663852155209,54.1731719970703,-3.90053176879883,17.6616535186768,0.0117647647857666,0.00392162799835205,42.4902839660645,-71.5437393188477,1033.80627441406,937.211303710938,-4.0442099571228,3.7800886631012,111.531143188477,57.1128768920898,-3.91886448860168,-1.02277839183807,-1.05809533596039,-0.852814435958862,70
738533.39536114293150603771,54.132396697998,-4.20414352416992,17.8626899719238,0.0117647647857666,0.00392162799835205,42.4902534484863,-71.5436019897461,1032.88671875,936.992248535156,-2.9311249256134,3.81132483482361,111.638656616211,57.158260345459,-4.00586891174316,-4.22099161148071,-1.06111192703247,-0.857635498046875,70
738533.39536316925659775734,54.1291084289551,-4.14103031158447,17.8605861663818,0.0117647647857666,0.00392162799835205,42.4902229309082,-71.5434799194336,1032.08764648438,936.786865234375,-2.1598436832428,3.7193341255188,111.846298217773,57.1498832702637,-4.09120750427246,-0.731029748916626,-1.06393706798553,-0.861762702465057,70
738533.39536563109140843153,54.1712226867676,-4.16209506988525,17.8236255645752,0.0117647647857666,0.00392162799835205,42.4901924133301,-71.5433502197266,1031.15625,936.557678222656,-3.41213870048523,3.57271242141724,111.904502868652,57.1797714233398,-4.18450021743774,3.10845708847046,-1.06738817691803,-0.866676568984985,70
738533.39536775473970919847,54.1820755004883,-4.48531579971313,17.9270725250244,0.0117647647857666,0.00392162799835205,42.490161895752,-71.5432205200195,1030.28369140625,936.313232421875,-3.42587995529175,3.49775433540344,111.707191467285,57.2467918395996,-4.2624773979187,1.03249418735504,-1.0705863237381,-0.87112021446228,70
738533.39536984253209084272,54.1466674804688,-4.65096473693848,18.0690383911133,0.0117647647857666,0.00392162799835205,42.4901351928711,-71.5431060791016,1029.38671875,936.02685546875,-2.47920966148376,3.47137141227722,111.443740844727,57.2711410522461,-4.35562324523926,-1.60600209236145,-1.07401907444,-0.875452876091003,70
738533.39537216606549918652,54.1196937561035,-4.56550693511963,18.1392288208008,0.0117647647857666,0.00392162799835205,42.4901008605957,-71.54296875,1028.37707519531,935.703552246094,-3.0301365852356,3.43013286590576,111.328262329102,57.2609519958496,-4.47409677505493,-0.883762538433075,-1.07821249961853,-0.880347609519958,70
738533.39537411963101476431,54.1464996337891,-4.53190565109253,18.1518077850342,0.0117647647857666,0.00392162799835205,42.4900741577148,-71.542854309082,1027.52331542969,935.437438964844,-4.11603879928589,3.36387300491333,111.460922241211,57.2876052856445,-4.56573534011841,1.03526425361633,-1.08187925815582,-0.884583294391632,70
738533.39537648053374141455,54.2105445861816,-4.60588598251343,18.1790580749512,0.0117647647857666,0.00392162799835205,42.4900436401367,-71.542724609375,1026.54162597656,935.130432128906,-4.6625280380249,3.22348785400391,111.76197052002,57.3626670837402,-4.65206432342529,2.35701203346252,-1.08609712123871,-0.889471232891083,70
738533.39537847880274057388,54.2534065246582,-4.75996732711792,18.2519397735596,0.0117647647857666,0.00392162799835205,42.4900131225586,-71.542610168457,1025.65588378906,934.838134765625,-4.20148849487305,3.07551240921021,111.980567932129,57.4388618469238,-4.71971607208252,1.67186045646667,-1.08987975120544,-0.893809080123901,70
738533.39538135530892759562,54.2825088500977,-4.86116933822632,18.3887348175049,0.0117647647857666,0.00392162799835205,42.4899749755859,-71.5424575805664,1024.44189453125,934.416076660156,-3.8821747303009,2.99251651763916,112.005859375,57.5184059143066,-4.81554126739502,-0.131147429347038,-1.09517979621887,-0.899681568145752,70
738533.39538363041356205940,54.3324394226074,-4.75722122192383,18.463773727417,0.0117647647857666,0.00392162799835205,42.4899406433105,-71.5423049926758,1023.25964355469,934.003845214844,-5.0676417350769,2.99981880187988,111.878189086914,57.5808639526367,-4.90896654129028,0.67049366235733,-1.10055828094482,-0.905358195304871,70
738533.39538586291018873453,54.3910217285156,-5.0142650604248,18.4190273284912,0.0117647647857666,0.00392162799835205,42.4899063110352,-71.5421752929688,1022.24536132812,933.651062011719,-5.39370441436768,2.8760359287262,112.062599182129,57.6436157226562,-4.97377634048462,3.97308278083801,-1.10519433021545,-0.910235941410065,70
738533.39538813929539173841,54.4378395080566,-5.06394052505493,18.4613609313965,0.0117647647857666,0.00392162799835205,42.489875793457,-71.5420455932617,1021.17687988281,933.250671386719,-3.94520592689514,2.72361779212952,112.454956054688,57.7056617736816,-5.04554653167725,4.48806667327881,-1.11007857322693,-0.915214061737061,70
738533.39539031567983329296,54.47705078125,-5.03215742111206,18.6065616607666,0.0117647647857666,0.00392162799835205,42.4898452758789,-71.5419235229492,1020.162109375,932.875183105469,-4.62167263031006,2.73493123054504,112.603393554688,57.7864646911621,-5.11645221710205,1.80407893657684,-1.11490750312805,-0.919991075992584,70
738533.39539262186735868454,54.5306625366211,-5.33139801025391,18.7065505981445,0.0117647647857666,0.00392162799835205,42.4898147583008,-71.5417938232422,1019.07995605469,932.564331054688,-5.19255256652832,2.7209095954895,112.38688659668,57.8960456848145,-5.18567180633545,0.680335104465485,-1.12002372741699,-0.925013661384583,70
738533.39539500151295214891,54.5407371520996,-5.60227012634277,18.7593193054199,0.0117647647857666,0.00392162799835205,42.4897804260254,-71.5416564941406,1017.87060546875,932.447082519531,-3.63035893440247,2.56734037399292,112.099967956543,57.9481620788574,-5.28062677383423,1.03292202949524,-1.1257871389389,-0.930347323417664,70
738533.39539700583554804325,54.518238067627,-5.49622774124146,18.8466472625732,0.0117647647857666,0.00392162799835205,42.4897499084473,-71.5415344238281,1016.82696533203,932.337341308594,-3.12995076179504,2.43498802185059,112.075073242188,57.9451713562012,-5.38200187683105,-0.0190604403614998,-1.13106000423431,-0.934934616088867,70
738533.39539935975335538387,54.529182434082,-5.40075969696045,19.0064373016357,0.0117647647857666,0.00392162799835205,42.4897155761719,-71.5414047241211,1015.64764404297,932.241455078125,-4.4503321647644,2.27700042724609,112.226852416992,57.9986610412598,-5.48798084259033,-2.97329783439636,-1.13725352287292,-0.940267384052277,70
738533.39540175022557377815,54.5901260375977,-5.61916160583496,19.0619163513184,0.0117647647857666,0.00392162799835205,42.4896812438965,-71.5412673950195,1014.45513916016,932.130187988281,-4.53599977493286,1.84386050701141,112.29322052002,58.0948638916016,-5.57160949707031,-2.51700520515442,-1.14341413974762,-0.945620238780975,70
738533.39540373615454882383,54.6398696899414,-5.68070840835571,18.9874305725098,0.0117647647857666,0.00392162799835205,42.4896507263184,-71.5411529541016,1013.38439941406,931.263854980469,-3.76971483230591,0.992651522159576,112.251556396484,58.123218536377,-5.64527893066406,1.10714900493622,-1.14895665645599,-0.95032799243927,70
738533.39540600392501801252,54.6929397583008,-5.46504402160645,18.8907203674316,0.0117647647857666,0.00392162799835205,42.4896202087402,-71.5410232543945,1012.22961425781,930.122375488281,-4.45338773727417,-0.0655348300933838,112.347633361816,58.1209411621094,-5.72198486328125,3.55622339248657,-1.1551558971405,-0.955501794815063,70
738533.39540828531607985497,54.7833824157715,-5.35729455947876,18.8429470062256,0.0117647647857666,0.00392162799835205,42.4895858764648,-71.540885925293,1011.08990478516,928.996398925781,-5.58042573928833,-1.05675935745239,112.788703918457,58.180549621582,-5.7707200050354,3.16300845146179,-1.16132998466492,-0.96080607175827,70
738533.39541051816195249557,54.8891983032227,-5.30457973480225,18.8435707092285,0.0117647647857666,0.00392162799835205,42.4895553588867,-71.5407562255859,1009.98840332031,927.840881347656,-5.8271369934082,-2.11043453216553,113.38402557373,58.275577545166,-5.788010597229,0.928793609142303,-1.16719460487366,-0.96601927280426,70
738533.39541253901552408934,54.9751091003418,-5.40005922317505,18.8512134552002,0.0117647647857666,0.00392162799835205,42.4895286560059,-71.540641784668,1009.01171875,926.704284667969,-5.30748319625854,-3.09709167480469,113.808029174805,58.3677253723145,-5.78697156906128,-1.39621663093567,-1.1722639799118,-0.970644950866699,70
738533.39541484811343252659,55.0774459838867,-5.57634592056274,18.8011894226074,0.0117647647857666,0.00392162799835205,42.4894943237305,-71.5405120849609,1007.81823730469,925.320190429688,-4.33225774765015,-4.2827787399292,113.931022644043,58.4645652770996,-5.78788280487061,-2.70174193382263,-1.17835557460785,-0.976153016090393,70
738533.39541710121557116508,55.1894111633301,-5.69160890579224,18.6547794342041,0.0117647647857666,0.00392162799835205,42.4894599914551,-71.5403823852539,1006.65496826172,923.975708007812,-4.31076574325562,-5.41208648681641,113.590858459473,58.5343170166016,-5.80650758743286,-2.00913834571838,-1.18434429168701,-0.981379806995392,70
738533.39541942195501178503,55.3224220275879,-5.91062307357788,18.4309329986572,0.0117647647857666,0.00392162799835205,42.489429473877,-71.5402450561523,1005.39947509766,922.529418945312,-4.99720811843872,-6.61736249923706,112.951629638672,58.6106224060059,-5.8470196723938,-0.405306667089462,-1.19089794158936,-0.986907243728638,70
738533.39542138134129345417,55.4443283081055,-5.9707088470459,18.1702880859375,0.0117647647857666,0.00392162799835205,42.4893989562988,-71.5401229858398,1004.31671142578,921.286682128906,-5.01130247116089,-7.6659688949585,112.493751525879,58.6505088806152,-5.90159845352173,1.38768839836121,-1.19665169715881,-0.991549372673035,70
738533.39542379428166896105,55.5549011230469,-6.00723314285278,17.9054946899414,0.0117647647857666,0.00392162799835205,42.4893684387207,-71.5399856567383,1003.00024414062,919.777770996094,-4.66377258300781,-8.13612747192383,112.413795471191,58.6774291992188,-5.982666015625,0.0709345564246178,-1.20383846759796,-0.997126162052155,70
738533.39542611234355717897,55.6428184509277,-5.90621471405029,17.708158493042,0.0117647647857666,0.00392162799835205,42.4893379211426,-71.5398483276367,1001.72943115234,918.320495605469,-4.44133758544922,-8.06750202178955,112.863861083984,58.6905899047852,-6.06159019470215,-3.52071356773376,-1.21094787120819,-1.00247871875763,70
738533.39542845985852181911,55.7845687866211,-5.70429086685181,17.4815521240234,0.0117647647857666,0.00392162799835205,42.4893035888672,-71.5397109985352,1000.48284912109,916.886535644531,-5.48874664306641,-7.84827518463135,113.511901855469,58.7372245788574,-6.1201286315918,-5.48195791244507,-1.2180415391922,-1.00782811641693,70
738533.39543121354654431343,56.0428466796875,-5.78267478942871,17.1173553466797,0.0117647647857666,0.00392162799835205,42.4892692565918,-71.53955078125,999.048461914062,915.232604980469,-7.01274633407593,-7.58642625808716,113.996688842773,58.8833084106445,-6.14358711242676,-2.40061402320862,-1.22606825828552,-1.01410627365112,70
738533.39543322299141436815,56.2338981628418,-6.0858907699585,16.77370262146,0.0117647647857666,0.00392162799835205,42.4892425537109,-71.539421081543,997.85595703125,913.865783691406,-5.96279859542847,-7.49679803848267,113.937568664551,58.9970054626465,-6.15471267700195,2.33541941642761,-1.2324583530426,-1.01895868778229,70
738533.39543561032041907310,56.3367233276367,-6.28520679473877,16.5169773101807,0.0117647647857666,0.00392162799835205,42.4892120361328,-71.5392837524414,996.516357421875,912.338928222656,-3.91973638534546,-7.40960550308228,113.641975402832,59.0435523986816,-6.19721508026123,2.14926290512085,-1.23969030380249,-1.02408695220947,70
738533.39543783699627965689,56.3579254150391,-6.2006778717041,16.3888893127441,0.0117647647857666,0.00392162799835205,42.489185333252,-71.5391540527344,995.252136230469,910.899475097656,-3.37774062156677,-7.22052907943726,113.497825622559,59.0191497802734,-6.26343965530396,-2.49836659431458,-1.24679708480835,-1.02885568141937,70
738533.39544016122817993164,56.4170989990234,-5.97111177444458,16.2690830230713,0.0117647647857666,0.00392162799835205,42.4891548156738,-71.5390090942383,993.9130859375,909.170532226562,-4.76109600067139,-6.9882435798645,113.674171447754,59.0188674926758,-6.32948541641235,-7.32921600341797,-1.25459086894989,-1.0339218378067,70
738533.39544257347006350756,56.5573616027832,-6.02682399749756,15.987512588501,0.0117647647857666,0.00392162799835205,42.4891242980957,-71.5388717651367,992.615112304688,907.369445800781,-5.68689060211182,-6.94144916534424,114.099029541016,59.0817909240723,-6.36246299743652,-5.13087606430054,-1.26209592819214,-1.03885400295258,70
738533.39544485264923423529,56.7332344055176,-6.07251024246216,15.6052169799805,0.0117647647857666,0.00392162799835205,42.4890975952148,-71.5387344360352,991.316833496094,905.574096679688,-5.01947784423828,-7.01870059967041,114.359069824219,59.1528358459473,-6.38308620452881,-0.479730755090714,-1.26940250396729,-1.0435893535614,70
738533.39544720156118273735,56.9107666015625,-5.95683526992798,15.3574237823486,0.0117647647857666,0.00392162799835205,42.489070892334,-71.5385894775391,990.034790039062,903.786315917969,-6.66084766387939,-6.96288824081421,114.161804199219,59.2466888427734,-6.39821290969849,-1.55192267894745,-1.27675271034241,-1.04826807975769,70
738533.39544963091611862183,57.0581893920898,-6.24557781219482,15.0958557128906,0.0117647647857666,0.00392162799835205,42.4890441894531,-71.5384521484375,988.708984375,901.943664550781,-6.68977785110474,-6.82946920394897,113.836059570312,59.3508987426758,-6.40543174743652,-0.196449562907219,-1.28416323661804,-1.0529100894928,70
738533.39545171288773417473,57.2292060852051,-6.09967613220215,14.7047863006592,0.0117647647857666,0.00392162799835205,42.4890174865723,-71.5383148193359,987.432983398438,900.173889160156,-5.66608285903931,-6.78527688980103,113.774490356445,59.4021797180176,-6.43012285232544,4.12538719177246,-1.29136908054352,-1.0572235584259,70
738533.39545375958550721407,57.3859329223633,-5.97972965240479,14.50439453125,0.0117647647857666,0.00392162799835205,42.4889945983887,-71.5381927490234,986.317077636719,898.60595703125,-6.56516170501709,-6.65108013153076,113.861236572266,59.4918479919434,-6.44705772399902,2.97590112686157,-1.29787039756775,-1.0610054731369,70
738533.39545608055777847767,57.5107307434082,-6.16788864135742,14.467565536499,0.0117647647857666,0.00392162799835205,42.4889717102051,-71.5380554199219,985.010070800781,896.77294921875,-6.32216644287109,-6.28588819503784,113.895126342773,59.6224594116211,-6.45207118988037,-2.32375121116638,-1.3052784204483,-1.06527078151703,70
738533.39545835123863071203,57.5857734680176,-6.29355907440186,14.3684558868408,0.0117647647857666,0.00392162799835205,42.4889450073242,-71.5379180908203,983.703735351562,894.954284667969,-4.66201782226562,-5.91467523574829,113.905029296875,59.684024810791,-6.46722459793091,-4.42760181427002,-1.31260216236115,-1.06931698322296,70
738533.39546066883485764265,57.6386222839355,-6.09161996841431,14.1162986755371,0.0117647647857666,0.00392162799835205,42.4889221191406,-71.5377731323242,982.388244628906,893.1162109375,-4.00983905792236,-5.69374847412109,114.160858154297,59.6539039611816,-6.49514150619507,-2.82639980316162,-1.32018685340881,-1.07333719730377,70
738533.39546297676861286163,57.7286567687988,-5.77364492416382,13.8424663543701,0.0117647647857666,0.00392162799835205,42.4888954162598,-71.5376358032227,981.125854492188,891.32470703125,-5.03280973434448,-5.59519481658936,114.803367614746,59.6451721191406,-6.50328493118286,-1.59852039813995,-1.3276526927948,-1.07728087902069,70
738533.39546533499378710985,57.8506774902344,-5.72447872161865,13.6422052383423,0.0117647647857666,0.00392162799835205,42.4888725280762,-71.5374908447266,979.884094238281,889.542114257812,-5.327308177948,-5.55830860137939,115.576232910156,59.7124824523926,-6.47019624710083,-2.06789803504944,-1.33483231067657,-1.08118736743927,70
738533.39546763128601014614,57.918342590332,-5.85665941238403,13.5161066055298,0.0117647647857666,0.00392162799835205,42.4888496398926,-71.537353515625,978.657897949219,887.789489746094,-3.7463014125824,-5.50550937652588,116.014404296875,59.7621955871582,-6.42217445373535,-3.84091830253601,-1.34160459041595,-1.08487093448639,70
738533.39547001931350678205,57.957706451416,-5.78629302978516,13.293966293335,0.0117647647857666,0.00392162799835205,42.4888229370117,-71.5372085571289,977.382263183594,885.962890625,-3.1778256893158,-5.5211238861084,116.067153930664,59.7436714172363,-6.37964677810669,-3.40613102912903,-1.34866464138031,-1.08862507343292,70
738533.39547196333296597004,57.9960556030273,-5.61387538909912,13.0352783203125,0.0117647647857666,0.00392162799835205,42.4888038635254,-71.5370864868164,976.318054199219,884.426635742188,-4.10392808914185,-5.54564142227173,116.009269714355,59.7074241638184,-6.34309673309326,-1.6819372177124,-1.35461902618408,-1.09175300598145,70
738533.39547400118317455053,58.0627937316895,-5.4210262298584,12.7672185897827,0.0117647647857666,0.00392162799835205,42.4887847900391,-71.5369644165039,975.322509765625,883.235290527344,-5.2821044921875,-5.61727094650269,116.116188049316,59.6965446472168,-6.29613828659058,-0.0470418594777584,-1.36019682884216,-1.09470319747925,70
738533.39547598036006093025,58.1418380737305,-5.27200508117676,12.517861366272,0.0117647647857666,0.00392162799835205,42.4887657165527,-71.5368423461914,974.309753417969,882.093688964844,-5.53578329086304,-5.72202157974243,116.556427001953,59.7073211669922,-6.22832727432251,0.531134009361267,-1.36577308177948,-1.09772849082947,70
738533.39547832775861024857,58.2278442382812,-5.05840253829956,12.2693681716919,0.0117647647857666,0.00392162799835205,42.4887428283691,-71.5366973876953,973.176391601562,880.810607910156,-4.84285116195679,-5.82158041000366,117.387847900391,59.7210731506348,-6.13015651702881,-0.0302021615207195,-1.37185394763947,-1.10110545158386,70
738533.39548062440007925034,58.3930282592773,-4.57491636276245,11.9337711334229,0.0117647647857666,0.00392162799835205,42.4887237548828,-71.5365524291992,972.153503417969,879.640197753906,-6.47371768951416,-5.9097056388855,118.062622070312,59.775333404541,-6.0061936378479,1.68260979652405,-1.37731599807739,-1.10428380966187,70
738533.39548261277377605438,58.5273361206055,-4.74880695343018,11.6527605056763,0.0117647647857666,0.00392162799835205,42.4887046813965,-71.5364303588867,971.290344238281,878.647216796875,-7.2858829498291,-6.00873279571533,118.28621673584,59.8647384643555,-5.86630249023438,4.42862749099731,-1.38155341148376,-1.10696542263031,70
738533.39548491209279745817,58.6131134033203,-4.77965641021729,11.4807806015015,0.0117647647857666,0.00392162799835205,42.4886856079102,-71.5362930297852,970.260864257812,877.467224121094,-5.3242826461792,-5.92163896560669,118.354835510254,59.9178657531738,-5.71692848205566,2.38443088531494,-1.386274933815,-1.10993480682373,70
738533.39548727241344749928,58.6905479431152,-4.45967578887939,11.3964347839355,0.0117647647857666,0.00392162799835205,42.4886665344238,-71.5361480712891,969.241271972656,876.290832519531,-5.24442195892334,-5.5724458694458,118.479217529297,59.9528770446777,-5.58150911331177,-2.48591899871826,-1.39106285572052,-1.1129035949707,70
738533.39548960491083562374,58.7837371826172,-4.51855754852295,11.2099437713623,0.0117647647857666,0.00392162799835205,42.4886436462402,-71.536003112793,968.247497558594,875.1396484375,-4.85711193084717,-5.2584867477417,118.559303283691,60.0134010314941,-5.44391393661499,-1.77773129940033,-1.39551758766174,-1.11574959754944,70
738533.39549193717539310455,58.8290138244629,-4.5490779876709,10.9516687393188,0.0117647647857666,0.00392162799835205,42.4886283874512,-71.5358581542969,967.277648925781,874.017578125,-3.20511078834534,-5.08649492263794,118.441017150879,60.0123825073242,-5.32934093475342,0.958994925022125,-1.39968919754028,-1.11837446689606,70
738533.39549395628273487091,58.8236198425293,-4.31844091415405,10.8147916793823,0.0117647647857666,0.00392162799835205,42.4886093139648,-71.5357360839844,966.426330566406,873.040344238281,-3.01265406608582,-4.87385511398315,118.269439697266,59.9652137756348,-5.24256229400635,-0.8836949467659,-1.40341031551361,-1.12067484855652,70
738533.39549634803552180529,58.8186492919922,-4.14200162887573,10.7017183303833,0.0117647647857666,0.00392162799835205,42.4885902404785,-71.5355834960938,965.459167480469,871.980102539062,-3.47219920158386,-4.58502912521362,118.274116516113,59.9275932312012,-5.13366460800171,-3.59725475311279,-1.40756905078888,-1.1233195066452,70
738533.39549869787879288197,58.8116073608398,-4.10664796829224,10.4602880477905,0.0117647647857666,0.00392162799835205,42.4885711669922,-71.5354385375977,964.545959472656,870.976684570312,-2.19617748260498,-4.45548582077026,118.531646728516,59.8755989074707,-5.02210140228271,-1.016557097435,-1.41125345230103,-1.1257541179657,70
738533.39550106367096304893,58.7914848327637,-3.85520315170288,10.1463298797607,0.0117647647857666,0.00392162799835205,42.4885520935059,-71.5352935791016,963.656188964844,869.994995117188,-1.54640352725983,-4.43823003768921,118.739524841309,59.785026550293,-4.91115283966064,2.35337686538696,-1.4147447347641,-1.12811458110809,70
738533.39550338441040366888,58.7831001281738,-3.5572714805603,9.94204616546631,0.0117647647857666,0.00392162799835205,42.4885368347168,-71.5351486206055,962.833190917969,869.079406738281,-2.80955672264099,-4.36955118179321,118.72176361084,59.7239608764648,-4.7865161895752,1.3650586605072,-1.41784167289734,-1.13037550449371,70
738533.39550535357557237148,58.7981185913086,-3.37469863891602,9.82987594604492,0.0117647647857666,0.00392162799835205,42.4885215759277,-71.535026550293,962.173645019531,868.340515136719,-3.70854997634888,-4.2848916053772,118.637390136719,59.7095794677734,-4.6608715057373,-0.839687705039978,-1.42008590698242,-1.13222968578339,70
738533.39550786162726581097,58.8044815063477,-3.23746466636658,9.69725513458252,0.0117647647857666,0.00392162799835205,42.4885025024414,-71.5348815917969,961.408569335938,867.478759765625,-3.39695620536804,-4.19499731063843,118.643013000488,59.6865577697754,-4.49068546295166,-2.5641233921051,-1.42235732078552,-1.13440883159637,70
738533.39551014220342040062,58.7807159423828,-2.99055528640747,9.46762657165527,0.0117647647857666,0.00392162799835205,42.4884872436523,-71.5347290039062,960.651733398438,866.668212890625,-2.56017184257507,-4.17377519607544,118.922164916992,59.613353729248,-4.3083701133728,-1.44006431102753,-1.42429053783417,-1.13653182983398,70
738533.39551246934570372105,58.7775077819824,-2.58522796630859,9.17839813232422,0.0117647647857666,0.00392162799835205,42.4884719848633,-71.5345840454102,960.008728027344,866.08349609375,-3.07112455368042,-4.22079801559448,119.400367736816,59.5459632873535,-4.12520599365234,0.862024068832397,-1.4256364107132,-1.13843762874603,70
738533.39551455387845635414,58.8380470275879,-2.33343601226807,8.98464775085449,0.0117647647857666,0.00392162799835205,42.4884567260742,-71.5344543457031,959.520629882812,865.644287109375,-4.37780046463013,-4.26581239700317,119.745361328125,59.5657997131348,-3.94289302825928,0.873016774654388,-1.4262627363205,-1.14002239704132,70
738533.39551663876045495272,58.8803596496582,-2.44293546676636,8.93793487548828,0.0117647647857666,0.00392162799835205,42.4884414672852,-71.5343246459961,959.006469726562,865.180908203125,-3.91281151771545,-4.19579029083252,119.725242614746,59.6049613952637,-3.73792839050293,-2.73593735694885,-1.42646622657776,-1.14162015914917,70
738533.39551900420337915421,58.8889389038086,-2.21927833557129,8.83024978637695,0.0117647647857666,0.00392162799835205,42.4884262084961,-71.5341796875,958.444213867188,864.67431640625,-3.38074326515198,-4.04458999633789,119.293769836426,59.5886383056641,-3.53418207168579,-4.80392694473267,-1.42649042606354,-1.14329349994659,70
738533.39552133588586002588,58.9325485229492,-1.94853639602661,8.58461380004883,0.0117647647857666,0.00392162799835205,42.488410949707,-71.5340347290039,957.946166992188,864.231079101562,-4.70639181137085,-3.95742964744568,118.95906829834,59.5863876342773,-3.3363344669342,-2.71346187591553,-1.42615365982056,-1.14490354061127,70
738533.39552370540332049131,58.9804801940918,-2.00577664375305,8.41042900085449,0.0117647647857666,0.00392162799835205,42.488395690918,-71.5338897705078,957.466857910156,863.804504394531,-3.99290060997009,-3.83745527267456,118.838264465332,59.6108665466309,-3.14167523384094,-2.20125603675842,-1.42540371417999,-1.14641201496124,70
738533.39552602812182158232,59.0017929077148,-1.90655434131622,8.30356502532959,0.0117647647857666,0.00392162799835205,42.4883842468262,-71.5337371826172,956.984313964844,863.374389648438,-2.82779479026794,-3.63949942588806,118.623504638672,59.6137237548828,-2.96809387207031,-3.78889322280884,-1.42446720600128,-1.14785730838776,70
738533.39552836306393146515,59.0139198303223,-1.732945561409,8.16786289215088,0.0117647647857666,0.00392162799835205,42.4883689880371,-71.5335998535156,956.544189453125,862.984558105469,-3.38190269470215,-3.42165517807007,118.179405212402,59.601676940918,-2.81795525550842,-4.02089500427246,-1.42336964607239,-1.14918673038483,70
738533.39553034352138638496,59.0255126953125,-1.72222638130188,7.97300004959106,0.0117647647857666,0.00392162799835205,42.4883575439453,-71.5334701538086,956.177001953125,862.660400390625,-3.7737181186676,-3.27210307121277,117.772979736328,59.5864601135254,-2.69379711151123,-1.46637618541718,-1.42220592498779,-1.15029084682465,70
738533.39553267555311322212,58.9989585876465,-1.7601763010025,7.74231338500977,0.0117647647857666,0.00392162799835205,42.4883422851562,-71.533332824707,955.745849609375,862.277221679688,-2.3959653377533,-3.14267754554749,117.566604614258,59.5308227539062,-2.5679566860199,1.43460130691528,-1.42074394226074,-1.15148901939392,70
738533.39553473063278943300,58.9358406066895,-1.59755456447601,7.6202712059021,0.0117647647857666,0.00392162799835205,42.4883308410645,-71.533203125,955.376220703125,861.491149902344,-1.1923531293869,-2.98592686653137,117.661720275879,59.4479103088379,-2.47542667388916,0.857155084609985,-1.41940855979919,-1.15249395370483,70
738533.39553673029877245426,58.880443572998,-1.43686699867249,7.56780052185059,0.0117647647857666,0.00392162799835205,42.4883193969727,-71.533073425293,955.044860839844,860.274230957031,-1.35067129135132,-2.77453207969666,117.827980041504,59.3821792602539,-2.385981798172,-1.521768450737,-1.41791236400604,-1.15343356132507,70
738533.39553911250550299883,58.8432273864746,-1.40234375,7.49638032913208,0.0117647647857666,0.00392162799835205,42.4883079528809,-71.5329284667969,954.674743652344,858.882263183594,-1.35451221466064,-2.52696180343628,117.800552368164,59.3353843688965,-2.27927207946777,-2.7101993560791,-1.41592812538147,-1.15444910526276,70
738533.39554146758746355772,58.7850189208984,-1.46121859550476,7.34187412261963,0.0117647647857666,0.00392162799835205,42.4882926940918,-71.5327835083008,954.295227050781,857.456726074219,-0.801906824111938,-2.34306240081787,117.460548400879,59.2597389221191,-2.17766094207764,-0.774606704711914,-1.41374456882477,-1.15541088581085,70
738533.39554373547434806824,58.6761665344238,-1.46499609947205,7.15288877487183,0.0117647647857666,0.00392162799835205,42.48828125,-71.5326385498047,953.924682617188,856.088745117188,0.110516361892223,-2.22045588493347,117.073944091797,59.1286964416504,-2.10001349449158,1.9789205789566,-1.41165792942047,-1.15625405311584,70
738533.39554589393083006144,58.5380935668945,-1.27634990215302,7.0119891166687,0.0117647647857666,0.00392162799835205,42.4882698059082,-71.5325088500977,953.595642089844,854.823364257812,0.137217566370964,-2.09281921386719,116.938613891602,58.9703788757324,-2.04097938537598,2.61376166343689,-1.40968704223633,-1.15700006484985,70
738533.39554817217867821455,58.4097137451172,-0.967960715293884,6.94308948516846,0.0117647647857666,0.00392162799835205,42.4882583618164,-71.5323638916016,953.297790527344,853.518188476562,-0.87476247549057,-1.90818572044373,117.207962036133,58.8288879394531,-1.96845602989197,0.613427221775055,-1.40733134746552,-1.1577455997467,70
738533.39555044367443770170,58.3275947570801,-1.07703399658203,6.89386224746704,0.0117647647857666,0.00392162799835205,42.4882469177246,-71.5322265625,953.023315429688,852.266540527344,-0.159571066498756,-1.74508428573608,117.694183349609,58.7434577941895,-1.87837219238281,-0.416197896003723,-1.40469646453857,-1.15840339660645,70
738533.39555276848841458559,58.2078056335449,-1.06095468997955,6.71582508087158,0.0117647647857666,0.00392162799835205,42.4882354736328,-71.5320816040039,952.720581054688,850.937133789062,1.54701817035675,-1.68767809867859,117.925804138184,58.6035537719727,-1.79041635990143,2.66715598106384,-1.40183460712433,-1.15903830528259,70
738533.39555503975134342909,58.0717430114746,-0.839375972747803,6.58144378662109,0.0117647647857666,0.00392162799835205,42.488224029541,-71.5319442749023,952.45849609375,849.679931640625,0.715156435966492,-1.6238374710083,117.675567626953,58.4495277404785,-1.71289503574371,3.16171193122864,-1.39897704124451,-1.15959703922272,70
738533.39555702253710478544,57.9838714599609,-0.847108244895935,6.5979962348938,0.0117647647857666,0.00392162799835205,42.4882164001465,-71.5318298339844,952.253662109375,848.622680664062,-0.388237237930298,-1.53412771224976,117.261375427246,58.3642044067383,-1.64029622077942,-0.444652587175369,-1.39633870124817,-1.16003596782684,70
738533.39555944129824638367,57.8818130493164,-0.965179741382599,6.63897371292114,0.0117647647857666,0.00392162799835205,42.4882049560547,-71.5316848754883,951.980895996094,847.303100585938,0.280259609222412,-1.44300496578217,116.755729675293,58.2693023681641,-1.557412981987,-4.09740972518921,-1.39299464225769,-1.1605361700058,70
738533.39556175365578383207,57.7923431396484,-0.760392963886261,6.49811172485352,0.0117647647857666,0.00392162799835205,42.4881935119629,-71.5315399169922,951.722045898438,846.029296875,0.116691134870052,-1.46222424507141,116.21314239502,58.1614837646484,-1.49674773216248,-1.75018513202667,-1.38978958129883,-1.16097784042358,70
738533.39556405495386570692,57.7682495117188,-0.935084581375122,6.3474268913269,0.0117647647857666,0.00392162799835205,42.4881820678711,-71.5313949584961,951.484802246094,844.773132324219,-1.51748323440552,-1.50463712215424,115.381286621094,58.1234436035156,-1.43525528907776,0.250597685575485,-1.38643002510071,-1.16138350963593,70
738533.39556630968581885099,57.7023086547852,-1.18625962734222,6.36830425262451,0.0117647647857666,0.00392162799835205,42.4881706237793,-71.5312576293945,951.188903808594,843.5078125,-0.389181643724442,-1.44300019741058,114.456680297852,58.0647850036621,-1.39944911003113,-2.85363531112671,-1.38328850269318,-1.16174304485321,70
738533.39556860935408622026,57.6160621643066,-0.964854300022125,6.29916000366211,0.0117647647857666,0.00392162799835205,42.4881591796875,-71.531120300293,950.896484375,842.757751464844,-0.807467043399811,-1.40526819229126,113.774024963379,57.9674110412598,-1.39766430854797,-2.93206763267517,-1.38036668300629,-1.16207325458527,70
738533.39557083824183791876,57.6047248840332,-1.04191708564758,6.10933113098145,0.0117647647857666,0.00392162799835205,42.488151550293,-71.5309829711914,950.632568359375,842.041076660156,-2.10794925689697,-1.43950974941254,113.364364624023,57.9371566772461,-1.39487361907959,0.759807944297791,-1.37743806838989,-1.16236960887909,70
738533.39557300042361021042,57.5974731445312,-1.34962964057922,6.0230655670166,0.0117647647857666,0.00392162799835205,42.4881401062012,-71.5308532714844,950.338439941406,841.320922851562,-1.16838157176971,-1.41964089870453,112.966400146484,57.9272651672363,-1.40065002441406,1.18825685977936,-1.37476849555969,-1.16261720657349,70
738533.39557502581737935543,57.5423049926758,-1.29368662834167,6.03305578231812,0.0117647647857666,0.00392162799835205,42.4881324768066,-71.5307312011719,950.037231445312,840.61474609375,-0.746269881725311,-1.30641317367554,112.507537841797,57.8721733093262,-1.4313725233078,-1.46875667572021,-1.37249231338501,-1.16282474994659,70
738533.39557710080407559872,57.4911422729492,-1.2296769618988,5.9616494178772,0.0117647647857666,0.00392162799835205,42.4881210327148,-71.5306091308594,949.748291015625,839.910705566406,-1.93228948116302,-1.20909106731415,112.189926147461,57.8124961853027,-1.46922743320465,-1.15270435810089,-1.37025654315948,-1.16301190853119,70
738533.39557909057475626469,57.4479866027832,-1.41113448143005,5.78044843673706,0.0117647647857666,0.00392162799835205,42.4881134033203,-71.5304870605469,949.445129394531,839.192443847656,-1.58676099777222,-1.35241341590881,112.241004943848,57.7553100585938,-1.50407826900482,2.84883642196655,-1.36805558204651,-1.163161277771,70
738533.39558145822957158089,57.3757858276367,-1.43245577812195,5.6311502456665,0.0117647647857666,0.00392162799835205,42.4881057739258,-71.5303421020508,949.076049804688,838.349792480469,-0.0500858351588249,-1.53129184246063,112.623580932617,57.6692543029785,-1.55400085449219,4.65479469299316,-1.36574769020081,-1.1632981300354,70
738533.39558351587038487196,57.2955665588379,-1.34076070785522,5.61050224304199,0.0117647647857666,0.00392162799835205,42.488094329834,-71.5302200317383,948.759948730469,837.927490234375,-0.357111364603043,-1.41379964351654,112.972473144531,57.5852165222168,-1.59960436820984,2.24648833274841,-1.36375629901886,-1.16338181495667,70
738533.39558588608633726835,57.2127952575684,-1.28598248958588,5.56775903701782,0.0117647647857666,0.00392162799835205,42.4880867004395,-71.5300750732422,948.410034179688,837.767272949219,-1.01435053348541,-1.27357840538025,113.333419799805,57.4974594116211,-1.63721001148224,0.790170669555664,-1.36144399642944,-1.16344404220581,70
738533.39558785280678421259,57.1361541748047,-1.34100329875946,5.50841760635376,0.0117647647857666,0.00392162799835205,42.4880790710449,-71.5299606323242,948.120971679688,837.633178710938,-0.745867550373077,-1.52991473674774,113.734573364258,57.4167327880859,-1.65718507766724,0.733676552772522,-1.35950100421906,-1.16345906257629,70
738533.39558984781615436077,57.040283203125,-1.26485776901245,5.4135103225708,0.0117647647857666,0.00392162799835205,42.4880714416504,-71.5298385620117,947.825500488281,837.494750976562,-0.126445040106773,-3.35767984390259,114.31568145752,57.3105583190918,-1.6730090379715,0.778240442276001,-1.35751593112946,-1.16345572471619,70
738533.39559226133860647678,56.9396781921387,-0.976627171039581,5.2897891998291,0.0117647647857666,0.00392162799835205,42.4880599975586,-71.5296936035156,947.513244628906,837.367492675781,-0.551518082618713,-4.32633066177368,115.106262207031,57.1932067871094,-1.6754002571106,-1.52270483970642,-1.35502529144287,-1.16341316699982,70
738533.39559456321876496077,56.916187286377,-0.762638807296753,5.20566082000732,0.0117647647857666,0.00392162799835205,42.4880523681641,-71.5295562744141,947.267028808594,837.298034667969,-2.02415728569031,-4.93919801712036,115.633476257324,57.1588401794434,-1.63973200321198,-5.34578704833984,-1.35223734378815,-1.16333842277527,70
738533.39559688861481845379,56.9208183288574,-0.984132051467896,5.07509899139404,0.0117647647857666,0.00392162799835205,42.4880447387695,-71.529411315918,947.011169433594,837.219970703125,-1.89248335361481,-5.09141302108765,115.640312194824,57.1550941467285,-1.57284009456635,-6.27424049377441,-1.34904503822327,-1.16322696208954,70
738533.39559927082154899836,56.8670310974121,-1.08386898040771,4.78233766555786,0.0117647647857666,0.00392162799835205,42.488037109375,-71.5292739868164,946.718444824219,837.096740722656,-0.573980450630188,-5.06363964080811,115.22029876709,57.0780601501465,-1.52113497257233,-2.27026009559631,-1.34596276283264,-1.16307580471039,70
738533.39560129924211651087,56.7904472351074,-0.957356214523315,4.48772716522217,0.0117647647857666,0.00392162799835205,42.4880294799805,-71.5291519165039,946.466613769531,837.045288085938,-0.996432423591614,-5.06031179428101,114.792320251465,56.975528717041,-1.49284279346466,0.717501997947693,-1.34332716464996,-1.16289746761322,70
738533.39560370438266545534,56.7411079406738,-0.97845333814621,4.28331422805786,0.0117647647857666,0.00392162799835205,42.4880218505859,-71.5290069580078,946.190612792969,837.274597167969,-1.78713285923004,-4.98094606399536,114.533782958984,56.9109573364258,-1.46139013767242,-0.319544523954391,-1.34019899368286,-1.16263687610626,70
738533.39560570940375328064,56.7019844055176,-1.14793157577515,4.18937492370605,0.0117647647857666,0.00392162799835205,42.4880142211914,-71.5288848876953,945.939697265625,837.438293457031,-0.788356304168701,-4.86048746109009,114.467552185059,56.8681221008301,-1.4415454864502,-2.39592409133911,-1.33762538433075,-1.16236746311188,70
738533.39560805971268564463,56.6409339904785,-1.15946793556213,4.06920194625854,0.0117647647857666,0.00392162799835205,42.4880065917969,-71.5287475585938,945.630859375,837.610229492188,0.0323548205196857,-4.74306583404541,114.262603759766,56.7987518310547,-1.43894517421722,-4.38971090316772,-1.33479106426239,-1.16198945045471,70
738533.39561006298754364252,56.6048851013184,-1.2846827507019,3.95428586006165,0.0117647647857666,0.00392162799835205,42.4880027770996,-71.5286254882812,945.344848632812,837.746887207031,-0.435056060552597,-4.69964265823364,113.753913879395,56.7573776245117,-1.44983541965485,-5.37504053115845,-1.3324019908905,-1.16159808635712,70
738533.39561213285196572542,56.5853157043457,-1.41427636146545,3.74403762817383,0.0117647647857666,0.00392162799835205,42.4879951477051,-71.5285034179688,945.042053222656,837.855834960938,-1.54249119758606,-4.72515535354614,112.953628540039,56.726676940918,-1.47540295124054,-3.27046990394592,-1.33021593093872,-1.16116011142731,70
738533.39561425382271409035,56.5845756530762,-1.58684897422791,3.45946717262268,0.0117647647857666,0.00392162799835205,42.4879913330078,-71.5283813476562,944.692077636719,837.938781738281,-2.78785610198975,-4.77689933776855,111.972190856934,56.7124366760254,-1.52111351490021,0.432500183582306,-1.32811462879181,-1.16063559055328,70
738533.39561622939072549343,56.5883293151855,-1.80624008178711,3.21429204940796,0.0117647647857666,0.00392162799835205,42.4879875183105,-71.5282592773438,944.326843261719,837.97705078125,-3.07488989830017,-4.7909140586853,111.195846557617,56.7083168029785,-1.58430123329163,2.84355235099792,-1.32640421390533,-1.16008925437927,70
738533.39561865734867751598,56.5562133789062,-2.08294653892517,3.02953672409058,0.0117647647857666,0.00392162799835205,42.4879837036133,-71.5281143188477,943.85009765625,837.966979980469,-1.94072771072388,-4.69600105285645,110.759963989258,56.6755828857422,-1.68767285346985,2.49442791938782,-1.32483160495758,-1.15937519073486,70
738533.39562073838897049427,56.4958763122559,-1.89167022705078,2.92340040206909,0.0117647647857666,0.00392162799835205,42.4879760742188,-71.5279922485352,943.406066894531,837.937561035156,-1.1173939704895,-4.52482128143311,110.870094299316,56.6030807495117,-1.80427050590515,-0.27611780166626,-1.32383167743683,-1.15865218639374,70
738533.39562312222551554441,56.4878616333008,-1.8749395608902,2.64471220970154,0.0117647647857666,0.00392162799835205,42.4879722595215,-71.5278472900391,942.965942382812,837.952209472656,-2.88100242614746,-4.43083047866821,111.209693908691,56.580810546875,-1.91369307041168,2.50999283790588,-1.32273685932159,-1.15777134895325,70
738533.39562552596908062696,56.4538879394531,-2.17799019813538,2.42654061317444,0.0117647647857666,0.00392162799835205,42.4879684448242,-71.527702331543,942.442504882812,837.895385742188,-1.71533703804016,-4.31412935256958,111.510139465332,56.5479736328125,-2.01163172721863,3.75886464118958,-1.32167994976044,-1.15676414966583,70
738533.39562759990803897381,56.3865737915039,-1.94058501720428,2.36143708229065,0.0117647647857666,0.00392162799835205,42.487964630127,-71.527587890625,942.012634277344,837.851867675781,-1.88987672328949,-4.10033845901489,111.910232543945,56.4693565368652,-2.09763979911804,0.0501167252659798,-1.32102823257446,-1.15584921836853,70
738533.39562964718788862228,56.364875793457,-1.84213805198669,2.2360622882843,0.0117647647857666,0.00392162799835205,42.4879608154297,-71.5274658203125,941.612915039062,837.843566894531,-3.04622912406921,-3.89300441741943,112.607521057129,56.4392852783203,-2.16098880767822,-0.714526832103729,-1.32027637958527,-1.15485751628876,70
738533.39563172520138323307,56.3571395874023,-1.92572867870331,2.03591060638428,0.0117647647857666,0.00392162799835205,42.4879608154297,-71.5273361206055,941.2001953125,837.822692871094,-2.54076886177063,-3.74298477172852,113.424674987793,56.4267730712891,-2.20007801055908,1.58456110954285,-1.31940019130707,-1.15379071235657,70
738533.39563386060763150454,56.332103729248,-1.96719372272491,1.85523343086243,0.0117647647857666,0.00392162799835205,42.4879570007324,-71.527214050293,940.769226074219,837.787536621094,-1.69014966487885,-3.59705448150635,114.106620788574,56.3969650268555,-2.23009943962097,2.8318178653717,-1.31851780414581,-1.15263092517853,70
738533.39563591196201741695,56.2962951660156,-1.93131828308105,1.75885343551636,0.0117647647857666,0.00392162799835205,42.4879531860352,-71.5270919799805,940.364807128906,837.752380371094,-1.71420383453369,-3.41911196708679,114.504203796387,56.3568649291992,-2.25386524200439,1.40771007537842,-1.31772291660309,-1.151482462883,70
738533.39563799090683460236,56.2673187255859,-1.85578715801239,1.71924197673798,0.0117647647857666,0.00392162799835205,42.4879531860352,-71.526969909668,939.951416015625,837.673400878906,-2.61869192123413,-3.17996454238892,114.739776611328,56.3241577148438,-2.27050018310547,-1.67781186103821,-1.31686341762543,-1.15020263195038,70
738533.39564002037514001131,56.2507133483887,-1.87645530700684,1.66868054866791,0.0117647647857666,0.00392162799835205,42.4879493713379,-71.5268478393555,939.553894042969,837.067626953125,-2.97731709480286,-2.93460011482239,114.965156555176,56.3067321777344,-2.27585577964783,-3.27713131904602,-1.31596052646637,-1.14889764785767,70
738533.39564208185765892267,56.2157516479492,-1.91893446445465,1.54324102401733,0.0117647647857666,0.00392162799835205,42.4879493713379,-71.526725769043,939.147766113281,836.452087402344,-2.16394472122192,-2.7427716255188,115.313438415527,56.269660949707,-2.27720808982849,-1.95421433448792,-1.31504333019257,-1.14753663539886,70
738533.39564415463246405125,56.1616706848145,-1.83646333217621,1.36359918117523,0.0117647647857666,0.00392162799835205,42.4879455566406,-71.5266036987305,938.74609375,835.840637207031,-1.3493058681488,-2.62368202209473,115.738967895508,56.2082328796387,-2.27918100357056,0.651293337345123,-1.31415712833405,-1.14613890647888,70
738533.39564635301940143108,56.1337814331055,-1.67198598384857,1.24322700500488,0.0117647647857666,0.00392162799835205,42.4879455566406,-71.5264739990234,938.354064941406,835.226623535156,-2.07316994667053,-2.49206042289734,116.04768371582,56.1724395751953,-2.27220487594604,0.461106419563293,-1.31314432621002,-1.144611120224,70
738533.39564847084693610668,56.1410827636719,-1.77339291572571,1.23830449581146,0.0117647647857666,0.00392162799835205,42.4879455566406,-71.5263519287109,937.965209960938,834.613159179688,-2.83355951309204,-2.2933349609375,116.015594482422,56.1827354431152,-2.24895191192627,-2.79674696922302,-1.3119478225708,-1.14301145076752,70
738533.39565054303966462612,56.1245384216309,-1.98585200309753,1.22427988052368,0.0117647647857666,0.00392162799835205,42.4879417419434,-71.5262298583984,937.553649902344,833.984802246094,-1.93549263477325,-2.09432792663574,115.700080871582,56.1730041503906,-2.23114109039307,-4.46901607513428,-1.31081962585449,-1.14142298698425,70
738533.39565265027340501547,56.0641136169434,-1.96845686435699,1.11123955249786,0.0117647647857666,0.00392162799835205,42.4879417419434,-71.5261001586914,937.122985839844,833.3359375,-1.11558103561401,-1.98357236385345,115.325187683105,56.1096649169922,-2.23397970199585,-2.91931128501892,-1.30988323688507,-1.13978922367096,70
738533.39565480011515319347,56.0019912719727,-1.68198192119598,0.885923147201538,0.0117647647857666,0.00392162799835205,42.4879417419434,-71.5259780883789,936.723510742188,832.71435546875,-2.22790503501892,-1.95311486721039,115.104782104492,56.0342483520508,-2.24218392372131,0.984671592712402,-1.30898654460907,-1.13809776306152,70
738533.39565696648787707090,55.9981918334961,-1.88184106349945,0.787566542625427,0.0117647647857666,0.00392162799835205,42.4879379272461,-71.5258483886719,936.315063476562,832.072937011719,-2.53182482719421,-1.8354903459549,115.049438476562,56.0353393554688,-2.23357844352722,0.769139587879181,-1.30787658691406,-1.13628602027893,70
738533.39565905567724257708,55.9759674072266,-1.99186933040619,0.792702794075012,0.0117647647857666,0.00392162799835205,42.4879379272461,-71.5257263183594,935.89111328125,831.427551269531,-1.27816987037659,-1.62815070152283,114.887596130371,56.0170059204102,-2.23237609863281,-1.81283009052277,-1.3068950176239,-1.13452315330505,70
738533.39566121203824877739,55.9262428283691,-1.83761811256409,0.698027908802032,0.0117647647857666,0.00392162799835205,42.4879379272461,-71.5255966186523,935.465393066406,830.773498535156,-1.70417046546936,-1.47035384178162,114.573371887207,55.9607810974121,-2.24256944656372,-1.0058741569519,-1.30600583553314,-1.1326539516449,70
738533.39566330017987638712,55.8975219726562,-1.84375655651093,0.541913747787476,0.0117647647857666,0.00392162799835205,42.4879379272461,-71.5254745483398,935.063354492188,830.144653320312,-2.75569796562195,-1.36065089702606,114.338493347168,55.9305458068848,-2.24571681022644,1.60630774497986,-1.30506336688995,-1.13077092170715,70
738533.39566539064981043339,55.8717002868652,-1.98670494556427,0.481027275323868,0.0117647647857666,0.00392162799835205,42.4879379272461,-71.5253524780273,934.655883789062,830.185363769531,-1.9205904006958,-1.10315608978271,114.315925598145,55.9090805053711,-2.24677491188049,1.41243231296539,-1.30414497852325,-1.12892174720764,70
738533.39566753071267157793,55.8281669616699,-1.96814525127411,0.489409953355789,0.0117647647857666,0.00392162799835205,42.4879379272461,-71.5252304077148,934.222595214844,830.323669433594,-0.726854145526886,-0.630003690719604,114.390113830566,55.864990234375,-2.25697898864746,-0.498195946216583,-1.30329382419586,-1.12694489955902,70
738533.39566962758544832468,55.7874717712402,-1.87286460399628,0.536865234375,0.0117647647857666,0.00392162799835205,42.4879379272461,-71.5251007080078,933.797485351562,830.473937988281,-0.813904762268066,-0.0499885678291321,114.328277587891,55.8214836120605,-2.26932883262634,-2.85776734352112,-1.30247557163239,-1.12491583824158,70
738533.39567181363236159086,55.7833709716797,-1.86031544208527,0.534201323986053,0.0117647647857666,0.00392162799835205,42.4879379272461,-71.5249786376953,933.387451171875,830.63623046875,-1.98321402072906,0.497453361749649,113.970230102539,55.8169364929199,-2.27343106269836,-2.89564108848572,-1.30159473419189,-1.12286865711212,70
738533.39567401946987956762,55.7912406921387,-2.07407712936401,0.479506373405457,0.0117647647857666,0.00392162799835205,42.4879341125488,-71.5248489379883,932.944702148438,831.318725585938,-2.42087507247925,0.991540312767029,113.337905883789,55.8318405151367,-2.27459740638733,-0.974125921726227,-1.30067193508148,-1.12073493003845,70
738533.39567628572694957256,55.7750473022461,-2.30243682861328,0.468252331018448,0.0117647647857666,0.00392162799835205,42.4879341125488,-71.5247192382812,932.435913085938,832.171081542969,-1.58907008171082,1.55010855197906,112.624900817871,55.8245162963867,-2.29621005058289,-0.237211868166924,-1.29994475841522,-1.11848771572113,70
738533.39567849901504814625,55.7403602600098,-2.22494840621948,0.539441704750061,0.0117647647857666,0.00392162799835205,42.4879341125488,-71.5245895385742,931.928283691406,832.974853515625,-1.55750226974487,2.14091420173645,112.103546142578,55.7873573303223,-2.34372663497925,-1.4664865732193,-1.29956316947937,-1.11630249023438,70
738533.39568063116166740656,55.7544021606445,-2.11572980880737,0.636471390724182,0.0117647647857666,0.00392162799835205,42.4879341125488,-71.5244598388672,931.450317382812,833.815368652344,-3.362553358078,2.74907851219177,111.867774963379,55.7981605529785,-2.39132404327393,-2.92771649360657,-1.29924154281616,-1.11408591270447,70
738533.39568275294732302427,55.7982864379883,-2.36633110046387,0.630651891231537,0.0117647647857666,0.00392162799835205,42.4879341125488,-71.5243301391602,930.97412109375,834.603942871094,-3.70609426498413,3.29347538948059,111.772361755371,55.8520011901855,-2.42611002922058,-0.84068489074707,-1.29889142513275,-1.1119589805603,70
738533.39568489429075270891,55.8146209716797,-2.59064245223999,0.597819626331329,0.0117647647857666,0.00392162799835205,42.4879341125488,-71.5242080688477,930.435668945312,835.356811523438,-2.49838209152222,3.78300070762634,111.607543945312,55.8779106140137,-2.47582721710205,2.52964878082275,-1.29876255989075,-1.10977852344513,70
738533.39568698720540851355,55.8108024597168,-2.55844211578369,0.678412675857544,0.0117647647857666,0.00392162799835205,42.4879341125488,-71.5240859985352,929.911560058594,835.9453125,-2.5839581489563,4.25914335250854,111.436920166016,55.8735313415527,-2.54237270355225,2.46937084197998,-1.29893374443054,-1.10770678520203,70
738533.39568906812928617001,55.8295021057129,-2.54940271377563,0.860465526580811,0.0117647647857666,0.00392162799835205,42.4879341125488,-71.5239639282227,929.375183105469,835.5615234375,-3.7827570438385,4.79718160629272,111.45979309082,55.8943061828613,-2.61318445205688,-0.337297081947327,-1.29923522472382,-1.10553359985352,70
738533.39569107478018850088,55.8940658569336,-2.55668830871582,1.07804250717163,0.0117647647857666,0.00392162799835205,42.4879302978516,-71.5238418579102,928.868408203125,835.200866699219,-4.50359535217285,5.36861085891724,111.713409423828,55.962890625,-2.67172074317932,-3.37456488609314,-1.2995423078537,-1.10346806049347,70
738533.39569305186159908772,55.9607429504395,-2.73836183547974,1.16695666313171,0.0117647647857666,0.00392162799835205,42.4879302978516,-71.5237274169922,928.346130371094,834.821838378906,-3.94468545913696,5.89421701431274,111.948089599609,56.039852142334,-2.72461104393005,-1.76787567138672,-1.29990231990814,-1.1014666557312,70
738533.39569504687096923590,56.0299377441406,-2.77920913696289,1.1993305683136,0.0117647647857666,0.00392162799835205,42.4879302978516,-71.5236053466797,927.804016113281,834.424194335938,-4.00978946685791,6.31279706954956,111.921768188477,56.111644744873,-2.78456234931946,2.18398189544678,-1.30043756961823,-1.09947121143341,70
738533.39569711801595985889,56.1147155761719,-2.90743494033813,1.28785276412964,0.0117647647857666,0.00392162799835205,42.4879264831543,-71.5234832763672,927.235595703125,834.004638671875,-5.00196361541748,6.43838119506836,111.59854888916,56.2047424316406,-2.84960126876831,3.72571992874146,-1.30113172531128,-1.09743940830231,70
738533.39569927123375236988,56.1765098571777,-3.23656606674194,1.46024250984192,0.0117647647857666,0.00392162799835205,42.4879264831543,-71.5233612060547,926.609130859375,833.53076171875,-4.61420583724976,6.55937910079956,111.215476989746,56.2886123657227,-2.92605543136597,2.29226899147034,-1.30206751823425,-1.09538161754608,70
738533.39570129325147718191,56.1966514587402,-3.39378643035889,1.64909303188324,0.0117647647857666,0.00392162799835205,42.487922668457,-71.5232391357422,925.940002441406,833.013244628906,-2.93262434005737,6.72273921966553,111.063163757324,56.323184967041,-3.0272376537323,1.78210747241974,-1.30340504646301,-1.09338116645813,70
738533.39570350048597902060,56.2134742736816,-3.36929678916931,1.85231781005859,0.0117647647857666,0.00392162799835205,42.487922668457,-71.5231094360352,925.234375,832.467712402344,-2.63025808334351,6.90454769134521,111.16512298584,56.3448104858398,-3.15042901039124,1.99432611465454,-1.30516743659973,-1.09130167961121,70
738533.39570559700950980186,56.2550849914551,-3.371821641922,1.99909341335297,0.0117647647857666,0.00392162799835205,42.4879188537598,-71.5229873657227,924.547180175781,831.937377929688,-3.49088454246521,7.05164432525635,111.307678222656,56.391487121582,-3.26521039009094,3.59560394287109,-1.30703854560852,-1.08932316303253,70
738533.39570776803884655237,56.328498840332,-3.53921246528625,2.16316175460815,0.0117647647857666,0.00392162799835205,42.4879150390625,-71.5228576660156,923.841613769531,831.389953613281,-4.26622200012207,7.17297220230103,111.312294006348,56.4810180664062,-3.36912035942078,3.82123923301697,-1.30901169776917,-1.08737587928772,70
738533.39570988551713526249,56.3880958557129,-3.83048343658447,2.40526866912842,0.0117647647857666,0.00392162799835205,42.4879112243652,-71.5227355957031,923.081604003906,830.790710449219,-3.85123443603516,7.31169939041138,111.120658874512,56.5692100524902,-3.47569513320923,1.48785614967346,-1.31123900413513,-1.08545804023743,70
738533.39571205328684300184,56.4159469604492,-3.99559712409973,2.67884802818298,0.0117647647857666,0.00392162799835205,42.4879112243652,-71.5226058959961,922.290710449219,830.158630371094,-3.22979640960693,7.48546266555786,110.856170654297,56.6206703186035,-3.59703874588013,-0.726434707641602,-1.31381952762604,-1.08362340927124,70
738533.39571416866965591908,56.4309387207031,-4.02447366714478,2.88650608062744,0.0117647647857666,0.00392162799835205,42.4879035949707,-71.5224761962891,921.477416992188,829.506652832031,-3.57723236083984,7.64882516860962,110.742492675781,56.6478538513184,-3.7307825088501,0.230076774954796,-1.31677412986755,-1.08182311058044,70
738533.39571622223593294621,56.4540023803711,-4.06564998626709,2.97906970977783,0.0117647647857666,0.00392162799835205,42.4878997802734,-71.5223541259766,920.68994140625,828.637878417969,-4.10590696334839,7.75825452804565,110.958297729492,56.6785545349121,-3.85575604438782,4.32656908035278,-1.31982171535492,-1.08014297485352,70
738533.39571826194878667593,56.4743537902832,-4.26606750488281,3.10160446166992,0.0117647647857666,0.00392162799835205,42.4878959655762,-71.5222320556641,919.874267578125,827.669189453125,-3.22104454040527,7.85293197631836,111.445960998535,56.7201156616211,-3.97346973419189,6.38209295272827,-1.32303512096405,-1.07851922512054,70
738533.39572034042794257402,56.4631690979004,-4.35887908935547,3.36680817604065,0.0117647647857666,0.00392162799835205,42.4878921508789,-71.5221099853516,919.045715332031,826.690185546875,-1.9671071767807,8.03086853027344,111.932609558105,56.7311592102051,-4.09060621261597,4.31543779373169,-1.32643747329712,-1.07699596881866,70
738533.39572244777809828520,56.4497413635254,-4.19324398040771,3.74492144584656,0.0117647647857666,0.00392162799835205,42.4878883361816,-71.5219879150391,918.198608398438,825.686462402344,-2.66957330703735,8.30284881591797,112.22013092041,56.7290115356445,-4.20745372772217,0.654687821865082,-1.33015275001526,-1.07548201084137,70
738533.39572449924889951944,56.4540252685547,-4.33427000045776,3.95160102844238,0.0117647647857666,0.00392162799835205,42.4878807067871,-71.5218658447266,917.376525878906,824.711730957031,-3.45526576042175,8.48195171356201,112.34944152832,56.7578887939453,-4.29974460601807,1.37582683563232,-1.33375775814056,-1.07407939434052,70
738533.39572651882190257311,56.4363861083984,-4.49494791030884,4.12411260604858,0.0117647647857666,0.00392162799835205,42.4878768920898,-71.5217437744141,916.518127441406,823.699035644531,-2.58228445053101,8.55707836151123,112.565788269043,56.7651176452637,-4.38448905944824,3.08952188491821,-1.33751046657562,-1.07273769378662,70
738533.39572857250459492207,56.3922920227051,-4.49068212509155,4.37503004074097,0.0117647647857666,0.00392162799835205,42.4878692626953,-71.5216217041016,915.669921875,822.700317382812,-1.6220588684082,8.58408069610596,112.903495788574,56.7397384643555,-4.46747970581055,2.61388063430786,-1.34134829044342,-1.07150733470917,70
738533.39573059987742453814,56.3603706359863,-4.38379335403442,4.71202087402344,0.0117647647857666,0.00392162799835205,42.4878616333008,-71.5214996337891,914.825073242188,821.702819824219,-2.19410228729248,8.57930755615234,113.208694458008,56.7266426086426,-4.54357194900513,-0.0444457679986954,-1.34531795978546,-1.07033753395081,70
738533.39573299651965498924,56.3907470703125,-4.4744725227356,5.0715479850769,0.0117647647857666,0.00392162799835205,42.4878540039062,-71.5213623046875,913.832275390625,820.528503417969,-3.67768836021423,8.57270526885986,113.235412597656,56.7948760986328,-4.61041116714478,-2.5198028087616,-1.34996807575226,-1.06906068325043,70
738533.39573514333460479975,56.4209022521973,-4.77617883682251,5.26481056213379,0.0117647647857666,0.00392162799835205,42.4878463745117,-71.5212326049805,912.909729003906,819.444702148438,-3.36603665351868,8.48449325561523,112.913803100586,56.8669319152832,-4.66462326049805,-1.46161639690399,-1.35418295860291,-1.06803011894226,70
738533.39573737559840083122,56.4173355102539,-4.91642141342163,5.4380464553833,0.0117647647857666,0.00392162799835205,42.4878387451172,-71.5211029052734,911.908508300781,818.275695800781,-2.56560730934143,8.25753211975098,112.459915161133,56.8916435241699,-4.74083662033081,0.841188311576843,-1.35891270637512,-1.0670690536499,70
738533.39573959901463240385,56.3960189819336,-4.93372917175293,5.64651584625244,0.0117647647857666,0.00392162799835205,42.4878273010254,-71.5209732055664,910.898132324219,817.097961425781,-2.80287003517151,7.87468194961548,112.171165466309,56.8923187255859,-4.83249950408936,1.61730027198792,-1.36394822597504,-1.06621980667114,70
738533.39574171509593725204,56.402156829834,-4.86250782012939,5.90489482879639,0.0117647647857666,0.00392162799835205,42.4878196716309,-71.5208435058594,909.918884277344,815.954650878906,-3.89400506019592,7.51732110977173,112.181121826172,56.9184951782227,-4.92095565795898,0.436777085065842,-1.36902594566345,-1.06548917293549,70
738533.39574394084047526121,56.4515724182129,-4.87755680084229,6.1904935836792,0.0117647647857666,0.00392162799835205,42.4878082275391,-71.5207138061523,908.910034179688,814.774841308594,-4.73149824142456,7.21845102310181,112.419448852539,56.9990615844727,-4.99713277816772,-1.67938685417175,-1.37430655956268,-1.06483638286591,70
738533.39574597717728465796,56.5092277526855,-5.00324821472168,6.41090154647827,0.0117647647857666,0.00392162799835205,42.4878005981445,-71.5205917358398,907.965881347656,813.672607421875,-4.48198080062866,6.96919012069702,112.649261474609,57.0913734436035,-5.055739402771,-2.4420211315155,-1.37919843196869,-1.06432926654816,70
738533.39574803481809794903,56.5594139099121,-5.1000542640686,6.55806875228882,0.0117647647857666,0.00392162799835205,42.4877891540527,-71.5204620361328,906.986755371094,812.532775878906,-3.99722290039062,6.48808574676514,112.725914001465,57.1663017272949,-5.11542797088623,-0.845198094844818,-1.38429152965546,-1.0639089345932,70
738533.39575007755775004625,56.605785369873,-5.1565146446228,6.63949394226074,0.0117647647857666,0.00392162799835205,42.4877815246582,-71.5203475952148,906.028747558594,811.419128417969,-4.33571338653564,5.92640733718872,112.63370513916,57.2266311645508,-5.1763219833374,1.85510385036469,-1.38937056064606,-1.06358850002289,70
738533.39575219328980892897,56.6659202575684,-5.18974494934082,6.71794509887695,0.0117647647857666,0.00392162799835205,42.4877700805664,-71.5202255249023,905.031372070312,810.296875,-5.23967170715332,5.89106845855713,112.494606018066,57.2982635498047,-5.24023914337158,4.02469921112061,-1.39475011825562,-1.06333780288696,70
738533.39575428119860589504,56.7307586669922,-5.23983860015869,6.85430002212524,0.0117647647857666,0.00392162799835205,42.4877586364746,-71.5200958251953,904.010009765625,809.166442871094,-5.74161863327026,5.93069887161255,112.528816223145,57.3830642700195,-5.30313968658447,4.16334438323975,-1.4003279209137,-1.06316137313843,70
738533.39575651835184544325,56.7702293395996,-5.32228994369507,7.05646371841431,0.0117647647857666,0.00392162799835205,42.4877510070801,-71.5199737548828,902.98974609375,808.038208007812,-5.11084222793579,6.04887771606445,112.874099731445,57.4541473388672,-5.36331415176392,2.48655414581299,-1.40593445301056,-1.06306421756744,70
738533.39575862372294068336,56.7796516418457,-5.34157514572144,7.31460380554199,0.0117647647857666,0.00392162799835205,42.487735748291,-71.5198287963867,901.823181152344,806.748779296875,-3.79660654067993,6.26907968521118,113.575805664062,57.4975204467773,-5.43209028244019,0.770017743110657,-1.41243004798889,-1.06304013729095,70
738533.39576063712593168020,56.7856101989746,-5.22993183135986,7.50126886367798,0.0117647647857666,0.00392162799835205,42.4877243041992,-71.5197067260742,900.822509765625,805.641296386719,-3.51047372817993,6.49153566360474,114.230239868164,57.5171852111816,-5.48607015609741,1.34411406517029,-1.41812169551849,-1.06309568881989,70
738533.39576267288066446781,56.818431854248,-5.148108959198,7.64555549621582,0.0117647647857666,0.00392162799835205,42.4877128601074,-71.5195846557617,899.83447265625,804.545043945312,-4.36272287368774,6.69054174423218,114.72859954834,57.5611991882324,-5.52372074127197,3.12365341186523,-1.42379367351532,-1.0632244348526,70
738533.39576477953232824802,56.8651580810547,-5.18964004516602,7.80574750900269,0.0117647647857666,0.00392162799835205,42.4877014160156,-71.5194625854492,898.85009765625,803.452270507812,-4.90673112869263,6.83426761627197,115.00154876709,57.6325263977051,-5.5428261756897,3.80194687843323,-1.42934930324554,-1.06342422962189,70
738533.39576692529954016209,56.8814430236816,-5.32640838623047,8.04015636444092,0.0117647647857666,0.00392162799835205,42.4876899719238,-71.5193328857422,897.798522949219,802.286437988281,-4.34112501144409,6.80759286880493,115.136131286621,57.6932678222656,-5.55626630783081,2.18897557258606,-1.435173869133,-1.06370759010315,70
738533.39576904044952243567,56.8544425964355,-5.3273549079895,8.33426094055176,0.0117647647857666,0.00392162799835205,42.4876747131348,-71.5192031860352,896.750183105469,801.125244140625,-3.44457530975342,6.48253488540649,115.277061462402,57.7084770202637,-5.57609510421753,-0.673457443714142,-1.4410206079483,-1.06406199932098,70
738533.39577110845129936934,56.8244743347168,-5.17698287963867,8.60199642181396,0.0117647647857666,0.00392162799835205,42.487663269043,-71.5190811157227,895.749328613281,800.014282226562,-3.48686981201172,6.76513767242432,115.545883178711,57.7045631408691,-5.59588670730591,-1.95180773735046,-1.44674575328827,-1.06448376178741,70
738533.39577315724454820156,56.8379211425781,-4.99939584732056,8.77485752105713,0.0117647647857666,0.00392162799835205,42.4876518249512,-71.5189590454102,894.774841308594,798.928527832031,-4.26930046081543,6.97566890716553,115.942939758301,57.7281684875488,-5.60046291351318,0.262235045433044,-1.45238173007965,-1.0649847984314,70
738533.39577556320000439882,56.8611793518066,-5.23406839370728,8.89870452880859,0.0117647647857666,0.00392162799835205,42.4876327514648,-71.5188140869141,893.638305664062,797.663391113281,-3.37950277328491,7.06192064285278,116.260009765625,57.7907943725586,-5.58581209182739,3.00219130516052,-1.45868563652039,-1.06566596031189,70
738533.39577763446141034365,56.8335266113281,-5.06746959686279,9.22203826904297,0.0117647647857666,0.00392162799835205,42.487621307373,-71.5186920166016,892.644592285156,796.557312011719,-3.12681865692139,7.24389600753784,116.199996948242,57.7994384765625,-5.57840299606323,-0.268712997436523,-1.46423065662384,-1.06634855270386,70
738533.39577971794642508030,56.8295936584473,-4.97004127502441,9.53046989440918,0.0117647647857666,0.00392162799835205,42.487606048584,-71.5185699462891,891.679016113281,795.478088378906,-4.56419277191162,7.45887756347656,115.995315551758,57.8371353149414,-5.56166982650757,-2.60733199119568,-1.46969819068909,-1.06712067127228,70
738533.39578185067512094975,56.8490982055664,-5.14271402359009,9.69033813476562,0.0117647647857666,0.00392162799835205,42.4875907897949,-71.518440246582,890.669738769531,794.351257324219,-4.13464689254761,7.51398181915283,115.862464904785,57.8979301452637,-5.5356707572937,-0.645885229110718,-1.47520875930786,-1.06800305843353,70
738533.39578398864250630140,56.8727836608887,-5.0971736907959,9.87298679351807,0.0117647647857666,0.00392162799835205,42.4875755310059,-71.518310546875,889.67626953125,792.335510253906,-3.39812254905701,7.4964394569397,115.71257019043,57.947998046875,-5.52025699615479,0.854656994342804,-1.48064136505127,-1.06895184516907,70
738533.39578608423471450806,56.9044532775879,-5.01055717468262,10.1745748519897,0.0117647647857666,0.00392162799835205,42.4875602722168,-71.5181884765625,888.685974121094,790.126770019531,-4.48692655563354,7.57507467269897,115.320304870605,58.0236549377441,-5.50773811340332,-1.5604887008667,-1.48615097999573,-1.07000494003296,70
738533.39578821905888617039,56.941837310791,-5.25316619873047,10.4340667724609,0.0117647647857666,0.00392162799835205,42.4875411987305,-71.5180587768555,887.676696777344,787.89013671875,-5.03436326980591,7.67385864257812,114.734603881836,58.1277770996094,-5.49405241012573,-3.43730163574219,-1.4916467666626,-1.07115995883942,70
738533.39579029567539691925,56.9380302429199,-5.43363904953003,10.5605354309082,0.0117647647857666,0.00392162799835205,42.4875259399414,-71.5179290771484,886.609924316406,785.591491699219,-3.25842475891113,7.6353611946106,114.271797180176,58.1634635925293,-5.50353860855103,-0.532746195793152,-1.49739217758179,-1.07241308689117,70
738533.39579242037143558264,56.942943572998,-5.05320167541504,10.743311882019,0.0117647647857666,0.00392162799835205,42.4875106811523,-71.5178070068359,885.598693847656,783.36962890625,-3.49056959152222,7.56678628921509,114.105865478516,58.1674499511719,-5.53046560287476,1.93328428268433,-1.50323271751404,-1.07373344898224,70
738533.39579452108591794968,56.9920539855957,-4.9922308921814,10.9708700180054,0.0117647647857666,0.00392162799835205,42.487491607666,-71.5176849365234,884.647766113281,781.390869140625,-4.8123664855957,7.43663167953491,114.064224243164,58.2526931762695,-5.53543663024902,1.05258703231812,-1.50874149799347,-1.07511556148529,70
738533.39579656277783215046,57.0484313964844,-5.08740472793579,11.193775177002,0.0117647647857666,0.00392162799835205,42.4874725341797,-71.5175552368164,883.647277832031,779.897094726562,-4.71064615249634,6.74186754226685,113.93994140625,58.3584251403809,-5.52407789230347,0.20090526342392,-1.51429772377014,-1.07664918899536,70
738533.39579862495884299278,57.0877418518066,-5.15515089035034,11.3558349609375,0.0117647647857666,0.00392162799835205,42.4874572753906,-71.5174331665039,882.679016113281,778.454895019531,-4.26257276535034,6.0140266418457,113.739143371582,58.4340744018555,-5.51397037506104,0.696350634098053,-1.51961731910706,-1.07819700241089,70
738533.39580072485841810703,57.1090965270996,-5.18647289276123,11.4780788421631,0.0117647647857666,0.00392162799835205,42.4874382019043,-71.5173034667969,881.668701171875,776.953002929688,-4.00411224365234,5.68294334411621,113.558227539062,58.481575012207,-5.51098394393921,2.05133605003357,-1.52518463134766,-1.07988500595093,70
738533.39580276911146938801,57.1243019104004,-5.10800409317017,11.5738687515259,0.0117647647857666,0.00392162799835205,42.4874229431152,-71.5171813964844,880.6875,775.490661621094,-4.35277795791626,5.46110725402832,113.561622619629,58.5083923339844,-5.51356506347656,3.85640954971313,-1.53067445755005,-1.0816113948822,70
738533.39580489054787904024,57.1523590087891,-4.96973371505737,11.678035736084,0.0117647647857666,0.00392162799835205,42.4874038696289,-71.5170593261719,879.717529296875,774.033447265625,-4.9955153465271,4.53066110610962,113.883834838867,58.5445709228516,-5.51119470596313,4.86153221130371,-1.53616452217102,-1.08343577384949,70
738533.39580698707140982151,57.1841125488281,-4.86496496200562,11.8173274993896,0.0117647647857666,0.00392162799835205,42.4873847961426,-71.5169296264648,878.7451171875,772.558227539062,-5.02534055709839,3.33041906356812,114.570442199707,58.5947074890137,-5.49346828460693,3.77149200439453,-1.54163563251495,-1.08539009094238,70
738533.39580912713427096605,57.1599769592285,-4.96768999099731,12.0133123397827,0.0117647647857666,0.00392162799835205,42.4873657226562,-71.5168075561523,877.790344238281,771.11279296875,-3.23573207855225,2.29636073112488,115.435264587402,58.6196250915527,-5.46583318710327,-0.0166665371507406,-1.54682040214539,-1.08736073970795,70
738533.39581122947856783867,57.1373825073242,-4.6534948348999,12.1707515716553,0.0117647647857666,0.00392162799835205,42.4873466491699,-71.5166778564453,876.825622558594,769.63623046875,-2.70764136314392,1.27796351909637,116.200347900391,58.6042900085449,-5.43526887893677,-2.29904890060425,-1.55214905738831,-1.08948516845703,70
738533.39581337268464267254,57.155647277832,-4.51604986190796,12.1044635772705,0.0117647647857666,0.00392162799835205,42.4873275756836,-71.5165481567383,875.93505859375,768.247375488281,-3.71398138999939,0.526761591434479,116.643783569336,58.5976181030273,-5.38262224197388,0.902919709682465,-1.55702877044678,-1.09162163734436,70
738533.39581553905736654997,57.1688041687012,-4.50469970703125,12.0273284912109,0.0117647647857666,0.00392162799835205,42.4873085021973,-71.5164184570312,875.012329101562,766.8076171875,-3.29065251350403,0.18278181552887,116.951889038086,58.5936965942383,-5.30895900726318,3.03294253349304,-1.56181204319,-1.09391665458679,70
738533.39581767690833657980,57.1832504272461,-4.19406175613403,12.0407266616821,0.0117647647857666,0.00392162799835205,42.4872856140137,-71.5162887573242,874.129272460938,765.411499023438,-3.66354942321777,-0.126733273267746,117.198097229004,58.5874824523926,-5.22797536849976,1.74376094341278,-1.56635522842407,-1.09624540805817,70
738533.39581966586410999298,57.2471580505371,-4.03271245956421,12.0404205322266,0.0117647647857666,0.00392162799835205,42.4872703552246,-71.5161666870117,873.344055175781,764.922790527344,-5.36079502105713,-0.38030669093132,117.297981262207,58.6384811401367,-5.12954521179199,1.00776588916779,-1.5702805519104,-1.09848284721375,70
738533.39582170289941132069,57.3372116088867,-3.99467873573303,12.0226001739502,0.0117647647857666,0.00392162799835205,42.4872512817383,-71.5160446166992,872.576782226562,764.894470214844,-5.9820351600647,-0.472498536109924,117.273262023926,58.7201538085938,-5.01656532287598,1.00419425964355,-1.57382476329803,-1.10073626041412,70
738533.39582384040113538504,57.412036895752,-4.03873348236084,12.0052318572998,0.0117647647857666,0.00392162799835205,42.487232208252,-71.5159149169922,871.776916503906,764.865234375,-5.56739377975464,-0.422865182161331,117.202781677246,58.7926750183105,-4.89963388442993,0.992465257644653,-1.57731795310974,-1.10311841964722,70
738533.39582584518939256668,57.4475936889648,-4.02430438995361,12.0177698135376,0.0117647647857666,0.00392162799835205,42.4872131347656,-71.5157928466797,871.004577636719,764.833129882812,-4.7044997215271,-0.30101278424263,117.190071105957,58.828971862793,-4.80102729797363,0.100509017705917,-1.58061051368713,-1.10542523860931,70
738533.39582793100271373987,57.4627952575684,-3.8780152797699,12.0676612854004,0.0117647647857666,0.00392162799835205,42.4871940612793,-71.5156631469727,870.221435546875,764.815856933594,-4.44419574737549,-0.0592154413461685,117.329208374023,58.8442039489746,-4.71261215209961,-1.65380156040192,-1.58395969867706,-1.10783839225769,70
738533.39583004929590970278,57.4942665100098,-3.69802570343018,12.1131792068481,0.0117647647857666,0.00392162799835205,42.487174987793,-71.5155410766602,869.496826171875,764.830505371094,-4.85875415802002,0.228433445096016,117.629959106445,58.8726997375488,-4.62883043289185,-2.58990955352783,-1.58702003955841,-1.11017692089081,70
738533.39583210414275527000,57.5420112609863,-3.70657253265381,12.0980243682861,0.0117647647857666,0.00392162799835205,42.4871559143066,-71.5154113769531,868.7431640625,764.86669921875,-4.67989921569824,0.333808392286301,118.029609680176,58.9167556762695,-4.53218460083008,-1.21920311450958,-1.59001922607422,-1.11270189285278,70
738533.39583428471814841032,57.5596008300781,-3.7028820514679,12.0028781890869,0.0117647647857666,0.00392162799835205,42.4871368408203,-71.5152816772461,867.978088378906,764.888366699219,-3.00666475296021,0.311764508485794,118.322166442871,58.9142456054688,-4.44354104995728,2.30316472053528,-1.59288442134857,-1.11523413658142,70
738533.39583650662098079920,57.5399360656738,-3.42553758621216,12.035924911499,0.0117647647857666,0.00392162799835205,42.487117767334,-71.5151519775391,867.227905273438,764.951110839844,-3.33483982086182,0.431488811969757,118.435180664062,58.8849906921387,-4.35937643051147,0.881727814674377,-1.5957293510437,-1.11785852909088,70
738533.39583860337734222412,57.5024681091309,-3.48101782798767,12.1282873153687,0.0117647647857666,0.00392162799835205,42.4870986938477,-71.515022277832,866.535339355469,765.028076171875,-3.31919503211975,0.611137568950653,118.552047729492,58.8705940246582,-4.27102375030518,-1.88059449195862,-1.59815168380737,-1.12034547328949,70
738533.39584108418785035610,57.4390182495117,-3.38382005691528,12.0829486846924,0.0117647647857666,0.00392162799835205,42.4870758056641,-71.5148696899414,865.714660644531,765.110717773438,-1.54319024085999,0.698874771595001,118.87361907959,58.7936096191406,-4.17530155181885,0.542390763759613,-1.60087072849274,-1.12328970432281,70
738533.39584315603133291006,57.396427154541,-3.1257688999176,11.9916248321533,0.0117647647857666,0.00392162799835205,42.4870567321777,-71.5147476196289,865.060852050781,765.224975585938,-1.68952608108521,0.716190993785858,119.140251159668,58.7189865112305,-4.09439611434937,3.56931900978088,-1.60301005840302,-1.12580442428589,70
738533.39584561449009925127,57.385913848877,-2.99366736412048,11.9606456756592,0.0117647647857666,0.00392162799835205,42.4870338439941,-71.5145950317383,864.337829589844,765.394653320312,-2.54711198806763,0.692048490047455,119.131988525391,58.6955070495605,-3.98329830169678,4.03441715240479,-1.60509550571442,-1.12873411178589,70
738533.39584773732349276543,57.3792839050293,-2.98891234397888,12.0224170684814,0.0117647647857666,0.00392162799835205,42.4870147705078,-71.5144653320312,863.716369628906,765.556213378906,-2.95260262489319,0.63494747877121,118.770309448242,58.7014007568359,-3.87711906433105,1.65344548225403,-1.60663080215454,-1.13132071495056,70
738533.39584986772388219833,57.3525772094727,-3.03505349159241,12.1216678619385,0.0117647647857666,0.00392162799835205,42.4869956970215,-71.5143432617188,863.095825195312,765.70849609375,-2.76524615287781,0.560186684131622,118.201385498047,58.6980781555176,-3.77862238883972,-1.47835075855255,-1.60801815986633,-1.133868932724,70
738533.39585200708825141191,57.3183631896973,-2.96799874305725,12.1908483505249,0.0117647647857666,0.00392162799835205,42.4869766235352,-71.5142135620117,862.470764160156,765.861999511719,-2.78754997253418,0.458693861961365,117.635238647461,58.6755523681641,-3.69473814964294,-3.19557905197144,-1.60939240455627,-1.13644886016846,70
738533.39585410046856850386,57.3110542297363,-2.76691770553589,12.1984186172485,0.0117647647857666,0.00392162799835205,42.4869575500488,-71.5140838623047,861.880554199219,766.039672851562,-3.70424008369446,0.351014524698257,117.293479919434,58.6601600646973,-3.61966896057129,-2.87456560134888,-1.61065328121185,-1.13900125026703,70
738533.39585619745776057243,57.3542709350586,-2.58865451812744,12.1824245452881,0.0117647647857666,0.00392162799835205,42.4869384765625,-71.5139617919922,861.337036132812,766.251281738281,-4.78868007659912,0.248908996582031,117.223342895508,58.6909294128418,-3.53871059417725,-2.00843572616577,-1.61164438724518,-1.14152181148529,70
738533.39585830515716224909,57.4202079772949,-2.59491157531738,12.1655693054199,0.0117647647857666,0.00392162799835205,42.4869194030762,-71.5138320922852,860.800354003906,766.478210449219,-4.83757448196411,0.12109787017107,117.266418457031,58.7521476745605,-3.44706678390503,-1.31843888759613,-1.61236608028412,-1.14407849311829,70
738533.39586046559270471334,57.4643363952637,-2.64201164245605,12.205472946167,0.0117647647857666,0.00392162799835205,42.4868965148926,-71.5137023925781,860.2314453125,766.711486816406,-4.07867050170898,0.0696650817990303,117.209510803223,58.8056449890137,-3.35475921630859,-2.47726202011108,-1.61297607421875,-1.14677762985229,70
738533.39586251729633659124,57.488410949707,-2.61479830741882,12.2184114456177,0.0117647647857666,0.00392162799835205,42.4868774414062,-71.5135726928711,859.696105957031,766.927978515625,-3.62883186340332,0.0884575843811035,117.004463195801,58.830638885498,-3.2815089225769,-2.59661173820496,-1.61351346969604,-1.14930880069733,70
738533.39586458250414580107,57.5133514404297,-2.52723956108093,12.169358253479,0.0117647647857666,0.00392162799835205,42.4868583679199,-71.5134506225586,859.171569824219,767.156982421875,-3.96203756332397,0.12805138528347,116.760360717773,58.8410224914551,-3.21830439567566,-0.82202273607254,-1.61400437355042,-1.15186190605164,70
738533.39586668822448700666,57.5452728271484,-2.51280856132507,12.0682191848755,0.0117647647857666,0.00392162799835205,42.4868392944336,-71.5133209228516,858.649169921875,767.402221679688,-4.06548881530762,0.130967050790787,116.650016784668,58.8507804870605,-3.1578733921051,2.21415305137634,-1.61439740657806,-1.1544668674469,70
738533.39586883259471505880,57.5549049377441,-2.6505811214447,11.9974279403687,0.0117647647857666,0.00392162799835205,42.4868202209473,-71.5131912231445,858.087829589844,767.639038085938,-2.5090012550354,0.0856268182396889,116.714164733887,58.8517723083496,-3.10482716560364,3.77765417098999,-1.61477041244507,-1.15717446804047,70
738533.39587095077149569988,57.5366859436035,-2.46427154541016,12.1055641174316,0.0117647647857666,0.00392162799835205,42.4868011474609,-71.513069152832,857.561401367188,767.873107910156,-2.17350649833679,0.254921495914459,116.631576538086,58.8480033874512,-3.07004880905151,-0.27956286072731,-1.61518430709839,-1.15973663330078,70
738533.39587313053198158741,57.5508308410645,-2.50437164306641,12.1898794174194,0.0117647647857666,0.00392162799835205,42.4867820739746,-71.5129318237305,857.031005859375,768.138977050781,-3.59729647636414,0.390253514051437,116.145729064941,58.8809242248535,-3.03114604949951,-2.83766436576843,-1.6154899597168,-1.16243362426758,70
738533.39587552950251847506,57.5516357421875,-2.70748019218445,12.1327562332153,0.0117647647857666,0.00392162799835205,42.486759185791,-71.5127868652344,856.390563964844,768.395568847656,-3.01888847351074,0.319616556167603,115.474876403809,58.8789024353027,-2.99890398979187,-0.687586843967438,-1.61585628986359,-1.16546082496643,70
738533.39587764756288379431,57.5341835021973,-2.47100305557251,12.1267032623291,0.0117647647857666,0.00392162799835205,42.4867401123047,-71.5126571655273,855.84619140625,768.626220703125,-3.05272126197815,0.238333091139793,115.230972290039,58.8501930236816,-2.99076819419861,-0.809095144271851,-1.61632084846497,-1.16808867454529,70
738533.39587973989546298981,57.549129486084,-2.4077844619751,12.1682510375977,0.0117647647857666,0.00392162799835205,42.4867210388184,-71.5125350952148,855.350341796875,768.885009765625,-3.95622086524963,0.221397414803505,115.320922851562,58.8707580566406,-2.97448515892029,-2.41367173194885,-1.61663544178009,-1.17065119743347,70
738533.39588186866603791714,57.5894813537598,-2.39279651641846,12.1840257644653,0.0117647647857666,0.00392162799835205,42.486701965332,-71.5124053955078,854.844848632812,769.153564453125,-4.00192594528198,0.190158635377884,115.50626373291,58.9128532409668,-2.94750094413757,-2.77345418930054,-1.6168030500412,-1.17328691482544,70
738533.39588394958991557360,57.6178359985352,-2.48963594436646,12.1392040252686,0.0117647647857666,0.00392162799835205,42.4866828918457,-71.5122756958008,854.330383300781,769.412963867188,-3.2698028087616,0.0866171047091484,115.614990234375,58.9353332519531,-2.91889691352844,-1.28538715839386,-1.61690258979797,-1.17592668533325,70
738533.39588634786196053028,57.6079978942871,-2.5473952293396,12.0410299301147,0.0117647647857666,0.00392162799835205,42.4866600036621,-71.5121307373047,853.72998046875,769.687561035156,-2.19381237030029,-0.0856650546193123,115.618209838867,58.9080390930176,-2.8992931842804,1.18752562999725,-1.61709475517273,-1.17890739440918,70
738533.39588847756385803223,57.5710945129395,-2.44412469863892,11.9792585372925,0.0117647647857666,0.00392162799835205,42.4866409301758,-71.5120010375977,853.207092285156,769.935791015625,-2.2206449508667,-0.211156725883484,115.65007019043,58.8549690246582,-2.89259123802185,1.74256992340088,-1.61733877658844,-1.18153691291809,70
738533.39589062449522316456,57.5464134216309,-2.14771890640259,11.9898977279663,0.0117647647857666,0.00392162799835205,42.4866218566895,-71.5118713378906,852.705505371094,770.230346679688,-3.28070163726807,-0.270769894123077,115.882209777832,58.8214225769043,-2.87991166114807,-0.259650439023972,-1.61749505996704,-1.18424093723297,70
738533.39589264604728668928,57.5622901916504,-2.12552642822266,12.038745880127,0.0117647647857666,0.00392162799835205,42.4866027832031,-71.5117492675781,852.263244628906,770.988525390625,-4.04726696014404,-0.278992891311646,116.249160766602,58.8461265563965,-2.84345960617065,-2.68150496482849,-1.61733818054199,-1.18680930137634,70
738533.39589472708757966757,57.5885887145996,-2.16241884231567,11.9872522354126,0.0117647647857666,0.00392162799835205,42.4865837097168,-71.5116195678711,851.807250976562,771.264099121094,-3.22602462768555,-0.330010682344437,116.561874389648,58.8626861572266,-2.79418182373047,-1.26937031745911,-1.61698579788208,-1.18940341472626,70
738533.39589679695200175047,57.6066932678223,-2.04640364646912,11.8513202667236,0.0117647647857666,0.00392162799835205,42.4865646362305,-71.5114974975586,851.3681640625,771.036254882812,-2.97739386558533,-0.429819047451019,116.703269958496,58.8487281799316,-2.74570775032043,2.27818512916565,-1.61656355857849,-1.19194829463959,70
738533.39589886856265366077,57.6187400817871,-1.95287656784058,11.751690864563,0.0117647647857666,0.00392162799835205,42.4865493774414,-71.5113677978516,850.941833496094,770.724609375,-3.47146201133728,-0.5011345744133,116.755592346191,58.8373641967773,-2.69066095352173,3.74929046630859,-1.61597836017609,-1.19454753398895,70
738533.39590103004593402147,57.5867691040039,-1.97407031059265,11.7443380355835,0.0117647647857666,0.00392162799835205,42.4865264892578,-71.5112380981445,850.492858886719,770.398254394531,-2.73331069946289,-0.494524300098419,116.949249267578,58.8052940368652,-2.62729525566101,2.11723208427429,-1.61518824100494,-1.1973021030426,70
738533.39590309921186417341,57.5177459716797,-1.88421761989594,11.73473072052,0.0117647647857666,0.00392162799835205,42.4865112304688,-71.5111083984375,850.08349609375,770.10205078125,-1.32171177864075,-0.38953024148941,117.383361816406,58.7328300476074,-2.57236766815186,1.2685112953186,-1.61438405513763,-1.19981491565704,70
738533.39590528164990246296,57.4479141235352,-1.69509553909302,11.723051071167,0.0117647647857666,0.00392162799835205,42.4864921569824,-71.5109786987305,849.678955078125,769.816955566406,-0.889608085155487,-0.190432891249657,117.900505065918,58.6563377380371,-2.51185584068298,0.739299535751343,-1.61339068412781,-1.20247268676758,70
738533.39590748108457773924,57.4157409667969,-1.64397835731506,11.695369720459,0.0117647647857666,0.00392162799835205,42.4864730834961,-71.5108489990234,849.296875,769.555419921875,-1.37418520450592,-0.068904422223568,118.104568481445,58.6178436279297,-2.43874955177307,0.923230946063995,-1.61212229728699,-1.20514106750488,70
738533.39590977493207901716,57.3725051879883,-1.76722085475922,11.6754035949707,0.0117647647857666,0.00392162799835205,42.4864501953125,-71.5107116699219,848.894836425781,769.276000976562,-0.885761678218842,-0.0862969905138016,117.854721069336,58.5750999450684,-2.3627724647522,0.741429924964905,-1.61066794395447,-1.20784640312195,70
738533.39591197576373815536,57.2730903625488,-1.67217636108398,11.6730184555054,0.0117647647857666,0.00392162799835205,42.4864311218262,-71.5105743408203,848.484985351562,768.989379882812,-0.420514434576035,-0.1603834182024,117.406326293945,58.4744567871094,-2.30248641967773,-0.277155935764313,-1.60923397541046,-1.21055507659912,70
738533.39591404970269650221,57.1816101074219,-1.38377010822296,11.6493806838989,0.0117647647857666,0.00392162799835205,42.4864120483398,-71.5104522705078,848.136901855469,768.758361816406,-1.46575081348419,-0.230911552906036,117.183502197266,58.3725891113281,-2.24719309806824,-0.695626556873322,-1.60775899887085,-1.21312069892883,70
738533.39591613283846527338,57.1545944213867,-1.31252288818359,11.5706472396851,0.0117647647857666,0.00392162799835205,42.4863967895508,-71.5103225708008,847.837524414062,768.571105957031,-2.19134712219238,-0.462175339460373,117.242027282715,58.3288116455078,-2.17724776268005,0.794311463832855,-1.60603475570679,-1.21557581424713,70
738533.39591827837284654379,57.1337776184082,-1.34829211235046,11.4847850799561,0.0117647647857666,0.00392162799835205,42.4863777160645,-71.5101928710938,847.515441894531,768.367858886719,-1.28786206245422,-1.03059673309326,117.367385864258,58.2922515869141,-2.09444499015808,1.9572606086731,-1.60397112369537,-1.21817278862,70
738533.39592039317358285189,57.0875358581543,-1.18581092357635,11.4805431365967,0.0117647647857666,0.00392162799835205,42.4863586425781,-71.5100708007812,847.217041015625,768.184265136719,-1.15258359909058,-1.50498199462891,117.288383483887,58.242561340332,-2.01842188835144,-0.303581446409225,-1.6018693447113,-1.22067296504974,70
738533.39592250983696430922,57.0569953918457,-1.04201221466064,11.4647054672241,0.0117647647857666,0.00392162799835205,42.4863395690918,-71.5099411010742,846.946594238281,768.030822753906,-2.3732693195343,-1.94330227375031,116.992553710938,58.2067527770996,-1.93540704250336,-2.32485723495483,-1.59950232505798,-1.22322273254395,70
738533.39592454920057207346,57.0434951782227,-1.09537160396576,11.3420791625977,0.0117647647857666,0.00392162799835205,42.4863243103027,-71.5098190307617,846.691040039062,767.887817382812,-2.45083236694336,-2.43386125564575,116.754920959473,58.170467376709,-1.8499983549118,-0.739683568477631,-1.59699833393097,-1.22565805912018,70
738533.39592660591006278992,57.0181541442871,-0.991591513156891,11.1738548278809,0.0117647647857666,0.00392162799835205,42.4863052368164,-71.5096969604492,846.434997558594,767.741882324219,-1.48312282562256,-2.96543216705322,116.718414306641,58.1111679077148,-1.7751237154007,1.30768835544586,-1.59448611736298,-1.22803342342377,70
738533.39592872443608939648,56.992359161377,-0.813090562820435,11.0192108154297,0.0117647647857666,0.00392162799835205,42.4862861633301,-71.5095672607422,846.206481933594,767.627197265625,-1.73946750164032,-3.46578931808472,116.8291015625,58.0535354614258,-1.69898402690887,1.61958372592926,-1.59174025058746,-1.23047590255737,70
738533.39593084785155951977,56.9952392578125,-0.631508648395538,10.9156360626221,0.0117647647857666,0.00392162799835205,42.486270904541,-71.5094451904297,846.008911132812,767.545166015625,-2.68117666244507,-3.87250065803528,116.941162109375,58.0345344543457,-1.61099302768707,-0.0962357223033905,-1.58865964412689,-1.23293614387512,70
738533.39593292912468314171,57.0260696411133,-0.612195730209351,10.8314571380615,0.0117647647857666,0.00163929467089474,42.4862518310547,-71.5093154907227,845.831176757812,767.482299804688,-3.30466389656067,-4.20169305801392,116.906883239746,58.0488395690918,-1.5115065574646,-1.80854558944702,-1.58527767658234,-1.23535418510437,70
738533.39593507722020149231,57.047721862793,-0.724774956703186,10.6914167404175,0.0117647647857666,-0.00846103858202696,42.4862365722656,-71.5091857910156,845.637268066406,767.405456542969,-2.73372745513916,-4.74544954299927,116.714561462402,58.0454521179199,-1.41312277317047,-1.44439125061035,-1.5816650390625,-1.23778653144836,70
738533.39593716314993798733,57.0399131774902,-0.753850042819977,10.4956893920898,0.0117647647857666,-0.00846103858202696,42.4862174987793,-71.5090637207031,845.436706542969,767.317932128906,-1.87662768363953,-5.19827747344971,116.510330200195,58.0024108886719,-1.33721268177032,-0.0741478726267815,-1.57819521427155,-1.24009728431702,70
738533.39593921857886016369,57.0133209228516,-0.727942049503326,10.3289804458618,0.0117647647857666,-0.00846103858202696,42.4862022399902,-71.5089340209961,845.236755371094,767.23046875,-1.48204350471497,-5.42212533950806,116.417755126953,57.9459762573242,-1.28075551986694,-0.437880426645279,-1.57478606700897,-1.24235808849335,70
738533.39594133524224162102,56.9908866882324,-0.703858613967896,10.1766691207886,0.0117647647857666,-0.00846103858202696,42.4861869812012,-71.5088119506836,845.041931152344,767.149353027344,-1.41791152954102,-5.5145263671875,116.419456481934,57.8966445922852,-1.23581123352051,-1.40301096439362,-1.57132887840271,-1.24459969997406,70
738533.39594343188218772411,56.9629859924316,-0.806325972080231,10.0173168182373,0.0117647647857666,-0.00846103858202696,42.4861717224121,-71.5086822509766,844.835693359375,767.058227539062,-0.656271934509277,-5.68874454498291,116.406051635742,57.8427047729492,-1.20009732246399,-1.74877417087555,-1.56781542301178,-1.24683284759521,70
738533.39594554179348051548,56.8982238769531,-0.879144847393036,9.79847145080566,0.0117647647857666,-0.00846103858202696,42.486156463623,-71.5085525512695,844.610168457031,766.947937011719,0.638393819332123,-5.98312950134277,116.278526306152,57.7424545288086,-1.18127119541168,-0.6270472407341,-1.5643914937973,-1.24901914596558,70
738533.39594768325332552195,56.8025283813477,-0.796176612377167,9.52655220031738,0.0117647647857666,-0.00846103858202696,42.486141204834,-71.508430480957,844.393493652344,766.8427734375,0.871309518814087,-6.32490253448486,116.083984375,57.6013565063477,-1.17761540412903,0.93621826171875,-1.5611799955368,-1.25108098983765,70
738533.39594977046363055706,56.7101058959961,-0.671156764030457,9.26480865478516,0.0117647647857666,-0.00846103858202696,42.4861259460449,-71.5083084106445,844.19189453125,766.756408691406,-0.0812886655330658,-6.66630411148071,115.978660583496,57.4658432006836,-1.17348039150238,0.833104968070984,-1.55781412124634,-1.25315797328949,70
738533.39595202775672078133,56.6346397399902,-0.595235288143158,9.05216979980469,0.0117647647857666,-0.00846103858202696,42.4861106872559,-71.508171081543,844.0029296875,766.686584472656,-0.663217186927795,-7.01219367980957,116.114700317383,57.3565902709961,-1.15704119205475,-1.15713405609131,-1.55416595935822,-1.255242228508,70
738533.39595426281448453665,56.5571708679199,-0.574463725090027,8.88118553161621,0.0117647647857666,-0.00846103858202696,42.4860954284668,-71.5080413818359,843.82275390625,766.623779296875,-0.185843989253044,-7.34657001495361,116.461784362793,57.253116607666,-1.13002634048462,-3.83940076828003,-1.55041694641113,-1.2572146654129,70
738533.39595643081702291965,56.4830284118652,-0.449227571487427,8.65984725952148,0.0117647647857666,-0.00846103858202696,42.4860801696777,-71.5079040527344,843.649536132812,766.572326660156,-0.0785023719072342,-7.68482303619385,116.816268920898,57.1447944641113,-1.09533846378326,-5.47105407714844,-1.54639971256256,-1.25918793678284,70
738533.39595860568806529045,56.4571952819824,-0.306514859199524,8.36440372467041,0.0117647647857666,-0.00846103858202696,42.4860687255859,-71.5077743530273,843.513061523438,766.551879882812,-1.43039453029633,-8.00471496582031,116.894477844238,57.0742683410645,-1.05040729045868,-4.73748445510864,-1.54236829280853,-1.26098227500916,70
738533.39596071850974112749,56.4803924560547,-0.352439433336258,8.05526351928711,0.0117647647857666,-0.00846103858202696,42.4860534667969,-71.5076522827148,843.388244628906,766.540161132812,-2.75108027458191,-8.30332088470459,116.650108337402,57.0530128479004,-0.994500458240509,-3.08375191688538,-1.53821814060211,-1.26264715194702,70
738533.39596289570908993483,56.5026397705078,-0.552009046077728,7.81367158889771,0.0117647647857666,-0.00846103858202696,42.4860420227051,-71.5075225830078,843.236145019531,766.502075195312,-2.65917944908142,-8.51079177856445,116.183776855469,57.0430221557617,-0.943282604217529,-3.2447817325592,-1.53399467468262,-1.26424157619476,70
738533.39596494939178228378,56.5033340454102,-0.701812148094177,7.56009244918823,0.0117647647857666,-0.00846103858202696,42.4860305786133,-71.5074005126953,843.054565429688,766.431396484375,-1.84262275695801,-8.6511869430542,115.640533447266,57.0111770629883,-0.917733669281006,-2.97981929779053,-1.53006649017334,-1.26570379734039,70
738533.39596708468161523342,56.4931297302246,-0.74147891998291,7.26320028305054,0.0117647647857666,-0.00846103858202696,42.4860191345215,-71.5072784423828,842.852294921875,766.343017578125,-1.68417453765869,-8.73164176940918,115.094276428223,56.962947845459,-0.919520318508148,-2.25026774406433,-1.52627289295197,-1.26711893081665,70
738533.39596921135671436787,56.5026779174805,-0.799635052680969,6.92576789855957,0.0117647647857666,-0.00846103858202696,42.4860076904297,-71.5071487426758,842.646423339844,766.249572753906,-2.22974276542664,-8.79296016693115,114.599914550781,56.9311714172363,-0.938808739185333,-0.247600048780441,-1.52269351482391,-1.26842081546783,70
738533.39597136434167623520,56.5242805480957,-1.02976548671722,6.55940198898315,0.0117647647857666,-0.00846103858202696,42.4859962463379,-71.5070190429688,842.406555175781,766.125122070312,-2.07667589187622,-8.91765975952148,114.091567993164,56.9129180908203,-0.973446786403656,2.90337705612183,-1.51919257640839,-1.26965665817261,70
738533.39597345190122723579,56.5107345581055,-1.34899830818176,6.23535346984863,0.0117647647857666,-0.00846103858202696,42.4859848022461,-71.5068969726562,842.115783691406,765.947631835938,-0.625878870487213,-9.0698299407959,113.550483703613,56.8696975708008,-1.03374135494232,4.86052131652832,-1.51610243320465,-1.27075409889221,70
738533.39597561815753579140,56.4236679077148,-1.15438175201416,5.98971271514893,0.0117647647857666,-0.00846103858202696,42.4859771728516,-71.5067672729492,841.815551757812,765.76123046875,-0.425965666770935,-9.13225173950195,113.116600036621,56.75244140625,-1.1232875585556,1.42999422550201,-1.51342070102692,-1.27173590660095,70
738533.39597778569441288710,56.3459358215332,-1.25711107254028,5.81987857818604,0.0117647647857666,-0.00846103858202696,42.485969543457,-71.5066375732422,841.533020019531,765.59033203125,-0.664358735084534,-9.20064353942871,113.114929199219,56.6596488952637,-1.20657360553741,-2.11092448234558,-1.51086854934692,-1.27258026599884,70
738533.39597991039045155048,56.2684364318848,-1.24095821380615,5.45138740539551,0.0117647647857666,-0.00846103858202696,42.4859580993652,-71.5065155029297,841.223876953125,765.39599609375,0.379490613937378,-9.41889572143555,113.532295227051,56.5455093383789,-1.28786993026733,-0.0601713098585606,-1.50836074352264,-1.27332973480225,70
738533.39598201075568795204,56.1955261230469,-1.02285099029541,5.15127992630005,0.0117647647857666,-0.00846103858202696,42.4859504699707,-71.5063858032227,840.953918457031,765.237548828125,-0.408768504858017,-9.59719467163086,114.007972717285,56.4404029846191,-1.35320782661438,-1.9471048116684,-1.50593245029449,-1.27393555641174,70
738533.39598411589395254850,56.1436767578125,-1.09496235847473,4.95012092590332,0.0117647647857666,-0.00846103858202696,42.4859428405762,-71.5062637329102,840.698669433594,765.093505859375,-1.25761687755585,-9.73334121704102,114.381240844727,56.3721122741699,-1.38975346088409,-5.12152814865112,-1.50332498550415,-1.27442419528961,70
738533.39598627528175711632,56.0558280944824,-1.17599248886108,4.59136056900024,0.0117647647857666,-0.00846103858202696,42.4859352111816,-71.5061340332031,840.406005859375,764.914978027344,-0.13502100110054,-9.94701194763184,114.802307128906,56.2558403015137,-1.41711008548737,-3.04944753646851,-1.50064754486084,-1.27480483055115,70
738533.39598833513446152210,55.9736518859863,-0.894139766693115,4.14135551452637,0.0117647647857666,-0.00846103858202696,42.4859275817871,-71.5060119628906,840.1630859375,764.778564453125,-0.56575882434845,-10.1884107589722,115.313743591309,56.1337699890137,-1.43699645996094,-0.517027795314789,-1.49816584587097,-1.27505004405975,70
738533.39599044458009302616,55.9454154968262,-0.93420797586441,3.84605932235718,0.0117647647857666,-0.00846103858202696,42.4859237670898,-71.5058898925781,839.937438964844,764.663146972656,-1.48746204376221,-10.365665435791,115.749542236328,56.0852432250977,-1.43178081512451,-2.07276368141174,-1.49535655975342,-1.27518427371979,70
738533.39599251351319253445,55.900260925293,-1.11505651473999,3.59520268440247,0.0117647647857666,-0.00846103858202696,42.4859161376953,-71.5057678222656,839.681091308594,764.451171875,-0.582582890987396,-10.4968872070312,115.889488220215,56.0268516540527,-1.41876995563507,-3.58721303939819,-1.49250268936157,-1.27519226074219,70
738533.39599465171340852976,55.8107681274414,-0.920845448970795,3.16548228263855,0.0117647647857666,-0.00846103858202696,42.485912322998,-71.5056457519531,839.423645019531,763.219299316406,-0.530022144317627,-10.66845703125,115.846748352051,55.9080505371094,-1.41515016555786,-1.84730076789856,-1.48973417282104,-1.27506864070892,70
738533.39599668979644775391,55.7566947937012,-0.832932591438293,2.76232242584229,0.0117647647857666,-0.00846103858202696,42.4859085083008,-71.5055236816406,839.211120605469,762.074645996094,-1.73397314548492,-10.7537183761597,115.86905670166,55.8312950134277,-1.40239322185516,-0.66943621635437,-1.486971616745,-1.27482545375824,70
738533.39599876874126493931,55.7262191772461,-0.878555357456207,2.43068385124207,0.0117647647857666,-0.00846103858202696,42.4859046936035,-71.5054016113281,838.991088867188,760.885192871094,-1.7721107006073,-10.7610664367676,116.00708770752,55.7861251831055,-1.37671101093292,-1.4080353975296,-1.4839414358139,-1.27442741394043,70
738533.39600082312244921923,55.6888732910156,-0.951024115085602,2.15198135375977,0.0117647647857666,-0.00846103858202696,42.4859008789062,-71.5052795410156,838.768920898438,759.745666503906,-0.932283759117126,-10.7422695159912,116.097129821777,55.7385520935059,-1.35311710834503,-2.63534331321716,-1.48105132579803,-1.27392685413361,70
738533.39600298227742314339,55.6344299316406,-0.92882376909256,1.81293904781342,0.0117647647857666,-0.00846103858202696,42.4859008789062,-71.5051574707031,838.52197265625,758.496337890625,-0.801162004470825,-10.7098512649536,115.969841003418,55.6717109680176,-1.33609044551849,-3.23412823677063,-1.47795343399048,-1.27322387695312,70
738533.39600506692659109831,55.5933265686035,-0.917437374591827,1.41628038883209,0.0117647647857666,-0.00846103858202696,42.485897064209,-71.5050277709961,838.28759765625,757.286804199219,-1.85680961608887,-10.6961603164673,115.617691040039,55.6189308166504,-1.32364964485168,-1.76107609272003,-1.47494828701019,-1.27239644527435,70
738533.39600745239295065403,55.5597534179688,-1.08879256248474,0.973369121551514,0.0117647647857666,-0.00846103858202696,42.485897064209,-71.5048904418945,838.010192871094,755.929748535156,-2.19729423522949,-10.6875305175781,115.178077697754,55.5789451599121,-1.31527805328369,0.723551154136658,-1.47164976596832,-1.27129650115967,70
738533.39600962994154542685,55.5025749206543,-1.13076770305634,0.650579571723938,0.0117647647857666,-0.00846103858202696,42.4858932495117,-71.5047607421875,837.72021484375,754.602111816406,-1.48060774803162,-10.6395578384399,114.954513549805,55.5179061889648,-1.32477819919586,-1.0041629076004,-1.4686690568924,-1.27007651329041,70
738533.39601165498606860638,55.4383850097656,-1.13713228702545,0.378516256809235,0.0117647647857666,-0.00846103858202696,42.4858932495117,-71.504638671875,837.45556640625,753.402648925781,-1.12606537342072,-10.6125736236572,114.968223571777,55.4513359069824,-1.34457194805145,-2.98541522026062,-1.46611726284027,-1.26883137226105,70
738533.39601380645763128996,55.3847351074219,-1.1090624332428,0.0976453647017479,0.0117647647857666,-0.00846103858202696,42.4858932495117,-71.5045166015625,837.185852050781,752.640686035156,-1.48279285430908,-10.6016998291016,115.05590057373,55.395923614502,-1.36848187446594,-4.92247247695923,-1.46355867385864,-1.26739823818207,70
738533.39601581578608602285,55.3682708740234,-1.09927451610565,-0.200854852795601,0.0117647647857666,-0.00846103858202696,42.485897064209,-71.50439453125,836.924621582031,752.495910644531,-2.56985926628113,-10.6057920455933,115.034408569336,55.3795471191406,-1.38919401168823,-5.91191577911377,-1.46104502677917,-1.26584589481354,70
738533.39601791137829422951,55.3833694458008,-1.21371042728424,-0.533228099346161,0.0117647647857666,-0.00846103858202696,42.485897064209,-71.504280090332,836.662475585938,752.349975585938,-3.56846928596497,-10.6292867660522,114.797416687012,55.3992347717285,-1.40645503997803,-4.8302583694458,-1.45861423015594,-1.26420867443085,70
738533.39601994678378105164,55.3873138427734,-1.51636505126953,-0.918387353420258,0.0117647647857666,-0.00846103858202696,42.485897064209,-71.5041580200195,836.354797363281,752.165588378906,-3.53477096557617,-10.693603515625,114.328720092773,55.4156799316406,-1.43292474746704,-1.46029508113861,-1.45625424385071,-1.26238119602203,70
738533.39602203189861029387,55.3597679138184,-1.62819123268127,-1.31480813026428,0.0117647647857666,-0.00846103858202696,42.4859008789062,-71.504035949707,835.994750976562,751.935180664062,-2.80826020240784,-10.7734832763672,113.779235839844,55.3993110656738,-1.48779773712158,0.405276209115982,-1.45423924922943,-1.26037502288818,70
738533.39602407859638333321,55.3456726074219,-1.54247081279755,-1.58718776702881,0.0117647647857666,-0.00846103858202696,42.4859046936035,-71.5039138793945,835.654418945312,751.7236328125,-3.63353443145752,-10.7162017822266,113.436065673828,55.3899078369141,-1.55753374099731,-2.82512521743774,-1.45256948471069,-1.25829255580902,70
738533.39602621260564774275,55.3633575439453,-1.74149739742279,-1.8619304895401,0.0117647647857666,-0.00846103858202696,42.4859085083008,-71.503791809082,835.294921875,751.498901367188,-3.99801254272461,-10.3297548294067,113.310791015625,55.4220237731934,-1.62741100788116,-3.75321173667908,-1.45095753669739,-1.25600588321686,70
738533.39602828887291252613,55.3651695251465,-1.94805455207825,-2.25483918190002,0.0117647647857666,-0.00846103858202696,42.485912322998,-71.5036697387695,834.885131835938,751.229553222656,-3.15686917304993,-9.71120929718018,113.177772521973,55.4452972412109,-1.7084127664566,-0.417980372905731,-1.44958209991455,-1.25353062152863,70
738533.39603044011164456606,55.3599243164062,-1.96058511734009,-2.61100101470947,0.0117647647857666,-0.00846103858202696,42.4859161376953,-71.503547668457,834.464172363281,750.951171875,-3.45079350471497,-9.13828468322754,112.89720916748,55.4561309814453,-1.80260193347931,0.627475202083588,-1.4485536813736,-1.25094282627106,70
738533.39603263814933598042,55.3780860900879,-2.07885313034058,-2.87477397918701,0.0117647647857666,-0.00846103858202696,42.4859199523926,-71.50341796875,834.010437011719,750.650207519531,-4.27774667739868,-8.57413673400879,112.59691619873,55.4916076660156,-1.90401792526245,-0.798103451728821,-1.4477002620697,-1.24806344509125,70
738533.39603471313603222370,55.4064559936523,-2.15039205551147,-3.12039661407471,0.0117647647857666,-0.00846103858202696,42.4859275817871,-71.5032958984375,833.558227539062,750.347412109375,-4.57612037658691,-8.16629123687744,112.450782775879,55.5359001159668,-2.00188207626343,-1.80065286159515,-1.44709241390228,-1.24515891075134,70
738533.39603683154564350843,55.4261436462402,-2.24671149253845,-3.3562958240509,0.0117647647857666,-0.00846103858202696,42.4859313964844,-71.503173828125,833.095642089844,750.755615234375,-4.29907417297363,-7.68595743179321,112.509506225586,55.5731010437012,-2.09712481498718,-2.15224623680115,-1.4466757774353,-1.24213230609894,70
738533.39603898150380700827,55.4286041259766,-2.34426307678223,-3.60687065124512,0.0117647647857666,-0.00846103858202696,42.4859390258789,-71.5030517578125,832.605224609375,751.324645996094,-3.64814853668213,-6.81008911132812,112.753700256348,55.5952796936035,-2.19348168373108,-1.47386920452118,-1.44645023345947,-1.23888921737671,70
738533.39604111365042626858,55.4249267578125,-2.39458990097046,-3.8634877204895,0.0117647647857666,-0.00846103858202696,42.4859466552734,-71.5029296875,832.096374511719,751.887329101562,-3.36400580406189,-5.12200450897217,113.065948486328,55.6110000610352,-2.28988838195801,0.0503802113234997,-1.44643080234528,-1.23547852039337,70
738533.39604326873086392879,55.4460678100586,-2.41680312156677,-4.07382488250732,0.0117647647857666,-0.00846103858202696,42.4859504699707,-71.502799987793,831.583435058594,752.447570800781,-3.95987796783447,-3.13992762565613,113.278518676758,55.6480293273926,-2.38093662261963,1.29919099807739,-1.4465651512146,-1.23192989826202,70
738533.39604538888670504093,55.4931221008301,-2.53827047348022,-4.19070816040039,0.0117647647857666,-0.00846103858202696,42.4859580993652,-71.5026779174805,831.068603515625,752.981018066406,-4.46574068069458,-0.843957126140594,113.319129943848,55.7089881896973,-2.46268057823181,1.61036288738251,-1.44681560993195,-1.22834575176239,70
738533.39604753407184034586,55.5425300598145,-2.7319221496582,-4.18557548522949,0.0117647647857666,-0.00846103858202696,42.4859657287598,-71.5025482177734,830.502319335938,753.333923339844,-4.1489577293396,2.50889706611633,113.259910583496,55.7669715881348,-2.54859304428101,0.500648021697998,-1.44728255271912,-1.22446990013123,70
738533.39604962256271392107,55.5638999938965,-2.87822985649109,-4.06087255477905,0.0117647647857666,-0.00846103858202696,42.4859733581543,-71.5024261474609,829.926940917969,752.83935546875,-3.07854342460632,5.84440183639526,113.245460510254,55.7863960266113,-2.64024567604065,-0.903930127620697,-1.44802868366241,-1.22065591812134,70
738533.39605213841423392296,55.5537338256836,-2.86837482452393,-3.8446478843689,0.0117647647857666,-0.00846103858202696,42.4859809875488,-71.5022888183594,829.244140625,752.250915527344,-2.29185914993286,7.98395347595215,113.466270446777,55.7604331970215,-2.75684499740601,-0.30490705370903,-1.4492449760437,-1.21605122089386,70
738533.39605484425555914640,55.5504112243652,-2.72790503501892,-3.63449478149414,0.0117647647857666,-0.00846103858202696,42.4859886169434,-71.5021438598633,828.573974609375,751.676513671875,-2.79329872131348,8.1968412399292,113.98600769043,55.7359771728516,-2.86236476898193,2.19673871994019,-1.45060968399048,-1.21133697032928,70
738533.39605727943126112223,55.6115074157715,-2.80429482460022,-3.34750485420227,0.0117647647857666,-0.00846103858202696,42.4859962463379,-71.5019912719727,827.874389648438,751.079162597656,-3.19140195846558,8.52277278900146,114.538688659668,55.7826995849609,-2.94048714637756,1.54582738876343,-1.45195007324219,-1.20625746250153,70
738533.39605996140744537115,55.6688270568848,-3.04405617713928,-3.0823187828064,0.0117647647857666,-0.00846103858202696,42.4860038757324,-71.5018463134766,827.177551269531,750.478820800781,-2.28925490379333,8.87124347686768,114.569793701172,55.8371315002441,-3.00160264968872,1.15769493579865,-1.45329034328461,-1.20150685310364,70
738533.39606242359150201082,55.7080116271973,-3.09402060508728,-2.72219109535217,0.0117647647857666,-0.00846103858202696,42.486011505127,-71.5016937255859,826.39306640625,749.798461914062,-2.09183621406555,9.03173160552979,113.972793579102,55.860237121582,-3.08269858360291,0.0699455216526985,-1.4551112651825,-1.1963871717453,70
738533.39606516854837536812,55.7414207458496,-3.1387574672699,-2.4997935295105,0.0117647647857666,-0.00846103858202696,42.4860153198242,-71.5015563964844,825.671325683594,749.172668457031,-3.1551661491394,8.74596500396729,113.203941345215,55.8856582641602,-3.16071629524231,2.3800036907196,-1.45701146125793,-1.19176554679871,70
738533.39606768498197197914,55.7734184265137,-3.39450335502625,-2.32248425483704,0.0117647647857666,-0.00846103858202696,42.4860229492188,-71.5013961791992,824.848815917969,748.456176757812,-3.07823777198792,8.32372856140137,112.606880187988,55.9248695373535,-3.24527668952942,5.06700277328491,-1.45929539203644,-1.18669998645782,70
738533.39607031433843076229,55.7857055664062,-3.47720098495483,-1.98269474506378,0.0117647647857666,-0.00846103858202696,42.486026763916,-71.5012512207031,824.015563964844,747.090393066406,-1.83626425266266,8.04297542572021,112.35343170166,55.9291229248047,-3.34271574020386,2.52171349525452,-1.46189379692078,-1.18195533752441,70
738533.39607293496374040842,55.810733795166,-3.47424578666687,-1.5795065164566,0.0117647647857666,-0.00846103858202696,42.4860305786133,-71.5010986328125,823.166809082031,745.408874511719,-2.7467155456543,7.86328458786011,112.127082824707,55.9410667419434,-3.44746828079224,-1.24136865139008,-1.4648540019989,-1.17717778682709,70
738533.39607551053632050753,55.8337821960449,-3.73725032806396,-1.36147499084473,0.0117647647857666,-0.00846103858202696,42.4860343933105,-71.5009613037109,822.340454101562,743.801940917969,-2.78968095779419,7.66771411895752,111.897682189941,55.9752769470215,-3.54021739959717,-0.434333086013794,-1.4678031206131,-1.17282092571259,70
738533.39607798575889319181,55.8020095825195,-3.84332156181335,-1.16029739379883,0.0117647647857666,-0.00846103858202696,42.4860382080078,-71.5008087158203,821.409545898438,742.038330078125,-1.45294773578644,7.41258525848389,111.874450683594,55.9462394714355,-3.65488600730896,1.7969263792038,-1.47139477729797,-1.1682516336441,70
738533.39608059474267065525,55.773006439209,-3.67289805412292,-0.892478704452515,0.0117647647857666,-0.00846103858202696,42.4860382080078,-71.5006637573242,820.543518066406,740.384338378906,-1.99159443378448,7.15992164611816,112.151428222656,55.9009399414062,-3.7645959854126,1.58764111995697,-1.47508251667023,-1.16406261920929,70
738533.39608307450544089079,55.7954750061035,-3.8460910320282,-0.633644640445709,0.0117647647857666,-0.00846103858202696,42.4860420227051,-71.5005111694336,819.623291015625,738.620056152344,-2.66134691238403,6.83736515045166,112.492584228516,55.931468963623,-3.85322999954224,0.478953123092651,-1.4789822101593,-1.15966653823853,70
738533.39608570700511336327,55.779109954834,-3.91846132278442,-0.494995415210724,0.0117647647857666,-0.00846103858202696,42.4860420227051,-71.5003662109375,818.712890625,736.912902832031,-1.77699649333954,6.39333915710449,112.640464782715,55.9187660217285,-3.93184351921082,3.06280469894409,-1.4828554391861,-1.15565800666809,70
738533.39608824392780661583,55.749153137207,-3.69674897193909,-0.279880702495575,0.0117647647857666,-0.00846103858202696,42.4860458374023,-71.5002136230469,817.762268066406,735.103820800781,-3.08069038391113,5.87684440612793,112.889503479004,55.8722877502441,-4.00785875320435,3.05778789520264,-1.4871723651886,-1.15143430233002,70
738533.39609084790572524071,55.7609252929688,-3.71310043334961,0.0105746164917946,0.0117647647857666,-0.00846103858202696,42.4860458374023,-71.5000686645508,816.912963867188,733.4677734375,-3.62482690811157,5.49900197982788,113.467437744141,55.8844146728516,-4.04480504989624,-0.940236985683441,-1.49093461036682,-1.14770603179932,70
738533.39609330217353999615,55.7862014770508,-3.69061708450317,0.190770953893661,0.0117647647857666,-0.00846103858202696,42.4860458374023,-71.4999237060547,816.018371582031,732.380126953125,-2.76451134681702,5.02521896362305,114.161331176758,55.9084739685059,-4.06513452529907,-0.437266051769257,-1.49478030204773,-1.14391326904297,70
738533.39609579439274966717,55.8267784118652,-3.52127742767334,0.232706263661385,0.0117647647857666,-0.00846103858202696,42.4860458374023,-71.4997787475586,815.211730957031,731.526184082031,-4.08894634246826,4.41906404495239,114.44995880127,55.9382057189941,-4.06775045394897,3.09518313407898,-1.49828255176544,-1.14046454429626,70
738533.39609814982395619154,55.8692855834961,-3.72952699661255,0.387988299131393,0.0117647647857666,-0.00846103858202696,42.4860458374023,-71.4996337890625,814.329711914062,730.594543457031,-4.23494482040405,3.84398460388184,114.501487731934,55.9949722290039,-4.05095815658569,1.15849530696869,-1.50185561180115,-1.13684821128845,70
738533.39610077324323356152,55.8998947143555,-3.63282155990601,0.575251340866089,0.0117647647857666,-0.00846103858202696,42.4860458374023,-71.4994888305664,813.491638183594,729.712768554688,-3.56185173988342,3.37315773963928,114.615913391113,56.0207710266113,-4.04547739028931,-1.06747841835022,-1.50530648231506,-1.13358223438263,70
738533.39610329573042690754,55.9773979187012,-3.50706386566162,0.613207995891571,0.0117647647857666,-0.00846103858202696,42.4860458374023,-71.4993362426758,812.605834960938,728.780212402344,-4.85243368148804,2.7228319644928,114.720504760742,56.090503692627,-4.0326042175293,1.14260470867157,-1.50902318954468,-1.13004815578461,70
738533.39610589283984154463,56.0661430358887,-3.67077660560608,0.637509703636169,0.0117647647857666,-0.00846103858202696,42.4860458374023,-71.4991989135742,811.793518066406,727.925842285156,-4.90172958374023,2.10731029510498,114.609939575195,56.1898002624512,-4.01156282424927,1.87884294986725,-1.51222848892212,-1.1269782781601,70
738533.39610832557082176208,56.1248321533203,-3.82370686531067,0.735062003135681,0.0117647647857666,-0.00846103858202696,42.4860458374023,-71.4990463256836,810.880432128906,726.968322753906,-3.90483808517456,1.51118493080139,114.291725158691,56.2597351074219,-4.00708389282227,-0.0942511260509491,-1.51585686206818,-1.12372624874115,70
738533.39611050160601735115,56.1487007141113,-3.77925443649292,0.837909340858459,0.0117647647857666,-0.00846103858202696,42.4860458374023,-71.4989166259766,810.106079101562,726.157897949219,-3.76281237602234,1.08053302764893,114.051780700684,56.281982421875,-4.02234220504761,-2.41607713699341,-1.51911544799805,-1.12108981609344,70
738533.39611270406749099493,56.1918716430664,-3.66859745979309,0.873989999294281,0.0117647647857666,-0.00846103858202696,42.4860420227051,-71.4987869262695,809.321350097656,726.317199707031,-4.54972219467163,0.630150079727173,114.015800476074,56.3182792663574,-4.04047679901123,-2.77602410316467,-1.52253127098083,-1.11837959289551,70
738533.39611487032379955053,56.25341796875,-3.68035364151001,0.815154254436493,0.0117647647857666,-0.00846103858202696,42.4860420227051,-71.4986572265625,808.560668945312,726.596496582031,-4.77397918701172,0.141348019242287,114.199882507324,56.3795738220215,-4.04819631576538,-0.748191177845001,-1.52578747272491,-1.11575841903687,70
738533.39611713646445423365,56.3009757995605,-3.66784691810608,0.723438382148743,0.0117647647857666,-0.00846103858202696,42.4860420227051,-71.4985198974609,807.770751953125,726.883666992188,-4.21793270111084,-0.405462622642517,114.473945617676,56.4249610900879,-4.04999923706055,1.39075899124146,-1.52910506725311,-1.11307275295258,70
738533.39611940376926213503,56.3260231018066,-3.66573214530945,0.704291999340057,0.0117647647857666,-0.00846103858202696,42.4860420227051,-71.4983901977539,806.995483398438,727.166015625,-3.62604856491089,-0.84749037027359,114.785781860352,56.4495735168457,-4.04880237579346,0.46584951877594,-1.5323371887207,-1.11046254634857,70
738533.39612163894344121218,56.346492767334,-3.6264750957489,0.741026043891907,0.0117647647857666,-0.00846103858202696,42.4860382080078,-71.4982528686523,806.191772460938,727.465698242188,-3.57302761077881,-1.06503772735596,115.068664550781,56.4679336547852,-4.04532766342163,-2.36142706871033,-1.53568661212921,-1.10775530338287,70
738533.39612388552632182837,56.3773727416992,-3.58295202255249,0.773249864578247,0.0117647647857666,-0.00846103858202696,42.4860382080078,-71.4981231689453,805.445495605469,727.757568359375,-4.00062799453735,-1.16439580917358,115.248878479004,56.4964065551758,-4.03737258911133,-4.57125806808472,-1.53877663612366,-1.10524213314056,70
738533.39612596295773983002,56.4066543579102,-3.61906147003174,0.742128312587738,0.0117647647857666,-0.00846103858202696,42.4860382080078,-71.4979934692383,804.717346191406,728.043518066406,-3.96874785423279,-1.23755776882172,115.389640808105,56.5275077819824,-4.0251612663269,-4.35198497772217,-1.54172897338867,-1.10279500484467,70
738533.39612806844525039196,56.4073524475098,-3.69413304328918,0.629414916038513,0.0117647647857666,-0.00846103858202696,42.4860382080078,-71.4978713989258,803.98583984375,728.313293457031,-3.07046675682068,-1.36043620109558,115.54231262207,56.5316925048828,-4.01585340499878,-1.59419727325439,-1.54466211795807,-1.10038149356842,70
738533.39613019593525677919,56.3962326049805,-3.64104056358337,0.485032171010971,0.0117647647857666,-0.00846103858202696,42.4860382080078,-71.4977416992188,803.241271972656,728.583312988281,-2.45446562767029,-1.54662358760834,115.665725708008,56.5157279968262,-4.01402616500854,1.30147695541382,-1.54771363735199,-1.09793281555176,70
738533.39613236242439597845,56.4217376708984,-3.52286338806152,0.432670623064041,0.0117647647857666,-0.00846103858202696,42.4860382080078,-71.4976119995117,802.497802734375,728.886901855469,-3.53630948066711,-1.69911694526672,115.602462768555,56.5332679748535,-4.00875949859619,0.24982650578022,-1.55081534385681,-1.09538757801056,70
738533.39613445254508405924,56.4770088195801,-3.68370032310486,0.420502722263336,0.0117647647857666,-0.00846103858202696,42.4860382080078,-71.4974899291992,801.779418945312,729.167785644531,-4.18480062484741,-1.79545724391937,115.256896972656,56.598575592041,-3.99647521972656,-1.47510814666748,-1.55367469787598,-1.0929661989212,70
738533.39613658457528799772,56.5096015930176,-3.89722323417664,0.340487957000732,0.0117647647857666,-0.00846103858202696,42.4860382080078,-71.4973678588867,801.0234375,729.408813476562,-3.57882142066956,-1.91923010349274,114.702507019043,56.6448516845703,-3.99706244468689,-0.502226412296295,-1.55666732788086,-1.0905396938324,70
738533.39613873150665313005,56.5199546813965,-3.90877604484558,0.184869214892387,0.0117647647857666,-0.00846103858202696,42.4860382080078,-71.4972381591797,800.236145019531,729.633178710938,-3.33999490737915,-2.1327211856842,114.13102722168,56.6552581787109,-4.02153921127319,2.23767518997192,-1.55999338626862,-1.08805298805237,70
738533.39614084945060312748,56.5589866638184,-3.85395693778992,0.0478674471378326,0.0117647647857666,-0.00846103858202696,42.4860382080078,-71.4971084594727,799.451843261719,729.869201660156,-4.36289644241333,-2.69646596908569,113.711738586426,56.6901588439941,-4.05656862258911,3.17434191703796,-1.56350553035736,-1.08551645278931,70
738533.39614305342547595501,56.6100463867188,-4.23633098602295,0.04328553378582,0.0117647647857666,-0.00846103858202696,42.4860382080078,-71.4969787597656,798.61474609375,729.711730957031,-3.71011638641357,-3.2192656993866,113.355644226074,56.7683525085449,-4.09703731536865,0.168590053915977,-1.56719172000885,-1.08291113376617,70
738533.39614524459466338158,56.6406555175781,-4.14697265625,-0.112854711711407,0.0117647647857666,-0.00846103858202696,42.4860382080078,-71.4968490600586,797.749755859375,728.946716308594,-3.36167883872986,-3.48389148712158,112.875961303711,56.7923736572266,-4.16254138946533,1.39573621749878,-1.57127118110657,-1.08026909828186,70
738533.39614732132758945227,56.6697578430176,-4.2035665512085,-0.311186105012894,0.0117647647857666,-0.00846103858202696,42.4860382080078,-71.4967269897461,796.930419921875,728.223815917969,-4.58480739593506,-3.85289406776428,112.480865478516,56.8262977600098,-4.22716188430786,3.37322950363159,-1.57533204555511,-1.07769000530243,70
738533.39614939515013247728,56.6985511779785,-4.42299747467041,-0.39132285118103,0.0117647647857666,-0.00846103858202696,42.4860420227051,-71.4965972900391,796.073364257812,727.46337890625,-3.85198283195496,-4.30894136428833,112.367416381836,56.8721504211426,-4.29328107833862,1.5500305891037,-1.579545378685,-1.0750720500946,70
738533.39615153742488473654,56.7358627319336,-4.35830593109131,-0.475542575120926,0.0117647647857666,-0.00846103858202696,42.4860420227051,-71.4964752197266,795.198974609375,726.6865234375,-3.51805448532104,-4.80444145202637,112.416839599609,56.9049987792969,-4.37021446228027,-0.8440021276474,-1.58406555652618,-1.07239246368408,70
738533.39615366561338305473,56.8020057678223,-4.36844730377197,-0.622227370738983,0.0117647647857666,-0.00846103858202696,42.4860420227051,-71.4963455200195,794.328979492188,725.91455078125,-4.60487699508667,-5.24012565612793,112.393760681152,56.9731369018555,-4.4418306350708,-1.44838893413544,-1.58869576454163,-1.06965267658234,70
738533.39615588204469531775,56.8812980651855,-4.54115533828735,-0.821045279502869,0.0117647647857666,-0.00846103858202696,42.4860458374023,-71.4962158203125,793.425964355469,725.111450195312,-5.28286695480347,-5.55330944061279,112.23168182373,57.0681915283203,-4.50706958770752,-0.412541329860687,-1.59347891807556,-1.06681263446808,70
738533.39615809509996324778,56.9367332458496,-4.73537731170654,-1.00151920318604,0.0117647647857666,-0.00846103858202696,42.4860458374023,-71.4960861206055,792.477233886719,724.263549804688,-4.6015682220459,-5.81422519683838,112.073997497559,57.14208984375,-4.57966136932373,-0.256131827831268,-1.59854364395142,-1.06389307975769,70
738533.39616028498858213425,56.9732284545898,-4.72818088531494,-1.14573705196381,0.0117647647857666,-0.00846103858202696,42.4860496520996,-71.4959487915039,791.478820800781,723.369445800781,-4.0596923828125,-6.08326292037964,112.105125427246,57.1805648803711,-4.66819095611572,-2.29181814193726,-1.60412287712097,-1.06080722808838,70
738533.39616241713520139456,57.0256156921387,-4.63166379928589,-1.29745864868164,0.0117647647857666,-0.00846103858202696,42.4860534667969,-71.4958190917969,790.54931640625,722.538635253906,-4.73104047775269,-6.35814523696899,112.350540161133,57.2281112670898,-4.74812746047974,-4.08225297927856,-1.60953629016876,-1.0578373670578,70
738533.39616458257660269737,57.104564666748,-4.73283243179321,-1.55343914031982,0.0117647647857666,-0.00846103858202696,42.4860572814941,-71.4956893920898,789.619079589844,721.707946777344,-5.34769201278687,-6.63667821884155,112.646469116211,57.3214111328125,-4.8114275932312,-2.08372378349304,-1.61494839191437,-1.05478596687317,70
738533.39616678853053599596,57.1519737243652,-5.01876592636108,-1.8706134557724,0.0117647647857666,-0.00846103858202696,42.4860572814941,-71.4955596923828,788.617919921875,720.808837890625,-4.25363874435425,-7.01600027084351,112.748229980469,57.4023971557617,-4.87445163726807,1.74810707569122,-1.62063980102539,-1.05158281326294,70
738533.39616888621821999550,57.1628456115723,-5.03179740905762,-2.12186217308044,0.0117647647857666,-0.00846103858202696,42.4860610961914,-71.4954376220703,787.638366699219,719.926696777344,-3.56219148635864,-7.41535520553589,112.715606689453,57.423095703125,-4.95019721984863,1.76794564723969,-1.62641477584839,-1.04845893383026,70
738533.39617113186977803707,57.1668815612793,-4.92426443099976,-2.32214164733887,0.0117647647857666,-0.00846103858202696,42.4860687255859,-71.4953002929688,786.627075195312,719.017517089844,-4.2047381401062,-7.80595636367798,112.857048034668,57.4255409240723,-5.03106880187988,-1.14525580406189,-1.63265454769135,-1.04508483409882,70
738533.39617329777684062719,57.1801948547363,-4.91929864883423,-2.57321166992188,0.0117647647857666,-0.00846103858202696,42.4860725402832,-71.4951705932617,785.614685058594,718.108459472656,-4.32008075714111,-8.14378547668457,113.382820129395,57.4490699768066,-5.09649133682251,-1.81488704681396,-1.6389547586441,-1.04157793521881,70
738533.39617549476679414511,57.1859512329102,-4.92154026031494,-2.91341757774353,0.0117647647857666,-0.00846103858202696,42.4860763549805,-71.4950408935547,784.620056152344,717.215637207031,-3.64411997795105,-8.50713539123535,114.137161254883,57.4712333679199,-5.14487743377686,0.261699050664902,-1.64512550830841,-1.03802907466888,70
738533.39617766544688493013,57.2004356384277,-4.83211612701416,-3.24704217910767,0.0117647647857666,-0.00846103858202696,42.486083984375,-71.4949035644531,783.628356933594,716.326232910156,-3.54871249198914,-8.91371726989746,114.769844055176,57.4959335327148,-5.18009090423584,0.673890352249146,-1.6512987613678,-1.03435814380646,70
738533.39617976231966167688,57.2291488647461,-4.82218408584595,-3.47639751434326,0.0117647647857666,-0.00846103858202696,42.4860877990723,-71.4947814941406,782.683349609375,715.480163574219,-4.27070474624634,-9.25834083557129,115.080200195312,57.5370712280273,-5.19805526733398,-2.00898385047913,-1.65717387199402,-1.03071677684784,70
738533.39618186315055936575,57.2423973083496,-4.95076465606689,-3.68706703186035,0.0117647647857666,-0.00846103858202696,42.4860954284668,-71.4946517944336,781.735717773438,714.630310058594,-3.99084424972534,-9.53092098236084,115.216369628906,57.5742721557617,-5.20719861984253,-3.9943790435791,-1.66294479370117,-1.02701199054718,70
738533.39618402288760989904,57.2190093994141,-4.96529531478882,-4.01522302627563,0.0117647647857666,-0.00846103858202696,42.4861030578613,-71.4945220947266,780.7333984375,713.729797363281,-3.08947062492371,-9.83671283721924,115.370109558105,57.5742225646973,-5.22215938568115,-3.08842420578003,-1.66907525062561,-1.02302753925323,70
738533.39618626213632524014,57.193431854248,-4.829833984375,-4.43304395675659,0.0117647647857666,-0.00846103858202696,42.4861106872559,-71.4943923950195,779.728332519531,712.828674316406,-3.41465401649475,-10.2371778488159,115.569198608398,57.5679397583008,-5.23838806152344,-1.3362318277359,-1.67538630962372,-1.01884365081787,70
738533.39618848368991166353,57.1944580078125,-4.83946180343628,-4.80913019180298,0.0117647647857666,-0.00846103858202696,42.4861183166504,-71.494255065918,778.735534667969,711.939575195312,-4.06526947021484,-10.6383094787598,115.71427154541,57.5999488830566,-5.24404096603394,-1.06245183944702,-1.68159997463226,-1.0145446062088,70
738533.39619058219250291586,57.2138748168945,-4.81768178939819,-5.16893672943115,0.0117647647857666,-0.00846103858202696,42.4861259460449,-71.4941253662109,777.77783203125,711.082580566406,-4.41775608062744,-10.9958391189575,115.780250549316,57.648551940918,-5.24225330352783,-1.53567206859589,-1.6875684261322,-1.01025629043579,70
738533.39619281864725053310,57.2304267883301,-4.87362670898438,-5.51756811141968,0.0117647647857666,-0.00846103858202696,42.4861373901367,-71.4939956665039,776.776733398438,710.1865234375,-4.24231243133545,-11.3160362243652,115.755592346191,57.7019729614258,-5.23598623275757,-2.44108939170837,-1.69374990463257,-1.00562489032745,70
738533.39619500597473233938,57.2194328308105,-4.94289875030518,-5.86384296417236,0.0117647647857666,-0.00846103858202696,42.4861488342285,-71.4938583374023,775.770446777344,709.284484863281,-3.64186859130859,-11.6040096282959,115.667144775391,57.7311058044434,-5.23398494720459,-3.12289905548096,-1.69993662834167,-1.00088369846344,70
738533.39619716291781514883,57.1793594360352,-4.92402362823486,-6.24436378479004,0.0117647647857666,-0.00846103858202696,42.4861602783203,-71.4937362670898,774.790466308594,708.405639648438,-3.43523478507996,-11.9133977890015,115.61296081543,57.7296943664551,-5.23989915847778,-3.07392859458923,-1.70603859424591,-0.996148228645325,70
738533.39619935990776866674,57.1332206726074,-4.71864318847656,-6.75799560546875,0.0117647647857666,-0.00846103858202696,42.4861717224121,-71.4935989379883,773.808410644531,707.527282714844,-4.3612642288208,-12.326753616333,115.70824432373,57.7246971130371,-5.2454686164856,-1.1129914522171,-1.71230220794678,-0.991128504276276,70
738533.39620152756106108427,57.1249885559082,-4.82136011123657,-7.2135181427002,0.0117647647857666,-0.00846103858202696,42.4861831665039,-71.4934692382812,772.846740722656,706.668640136719,-4.88789749145508,-12.7447929382324,115.977127075195,57.780143737793,-5.23598575592041,0.128536820411682,-1.71835517883301,-0.98598176240921,70
738533.39620368904434144497,57.1316375732422,-4.84212923049927,-7.58176231384277,0.0117647647857666,-0.00846103858202696,42.4861946105957,-71.4933395385742,771.858337402344,705.784423828125,-4.31284952163696,-13.0372180938721,116.200485229492,57.8355712890625,-5.22624349594116,-2.25113582611084,-1.7244678735733,-0.980613887310028,70
738533.39620592340361326933,57.1397476196289,-4.68518304824829,-7.99123430252075,0.0117647647857666,-0.00846103858202696,42.4862098693848,-71.4932098388672,770.885620117188,704.916442871094,-5.2467041015625,-13.3022155761719,116.249336242676,57.8857612609863,-5.21722555160522,-4.59002780914307,-1.73060989379883,-0.975036859512329,70
738533.39620807138271629810,57.1474189758301,-4.70912981033325,-8.470290184021,0.0117647647857666,-0.00846103858202696,42.4862251281738,-71.4930801391602,769.948364257812,704.037170410156,-6.38140106201172,-13.5726852416992,116.279563903809,57.9633445739746,-5.1977014541626,-3.22287750244141,-1.73647522926331,-0.96940940618515,70
738533.39621020259801298380,57.1396636962891,-4.77917289733887,-8.96879005432129,0.0117647647857666,-0.00846103858202696,42.4862403869629,-71.4929504394531,769.00146484375,703.131652832031,-5.91348171234131,-13.8047323226929,116.482452392578,58.036376953125,-5.17744445800781,-1.20134687423706,-1.74227130413055,-0.963633418083191,70
738533.39621238061226904392,57.1291351318359,-4.71153354644775,-9.4467134475708,0.0117647647857666,-0.00846103858202696,42.486255645752,-71.4928207397461,768.036865234375,702.209411621094,-5.4791316986084,-14.0405120849609,116.877098083496,58.0962753295898,-5.16216993331909,-1.78103160858154,-1.74825692176819,-0.957498133182526,70
738533.39621454488951712847,57.1183280944824,-4.63102769851685,-9.87007427215576,0.0117647647857666,-0.00846103858202696,42.486270904541,-71.4926910400391,767.102905273438,701.316955566406,-5.33326005935669,-14.1925792694092,117.355239868164,58.1495361328125,-5.14585494995117,-3.88665056228638,-1.75407898426056,-0.951294720172882,70
738533.39621663757134228945,57.1147422790527,-4.52363252639771,-10.2955808639526,0.0117647647857666,-0.00846103858202696,42.4862899780273,-71.492561340332,766.190002441406,700.445434570312,-5.57332324981689,-14.2339172363281,117.811233520508,58.2113037109375,-5.12248373031616,-5.8723030090332,-1.75977230072021,-0.94490373134613,70
738533.39621882920619100332,57.1035461425781,-4.49025917053223,-10.7666320800781,0.0117647647857666,-0.00846103858202696,42.4863090515137,-71.492431640625,765.272521972656,699.570251464844,-5.69571447372437,-14.1189794540405,118.159271240234,58.2829093933105,-5.08768653869629,-5.83803558349609,-1.76541078090668,-0.938157081604004,70
738533.39622098149266093969,57.0526847839355,-4.53924131393433,-11.280800819397,0.0117647647857666,-0.00846103858202696,42.486328125,-71.492301940918,764.358276367188,698.697937011719,-5.14236831665039,-13.6682138442993,118.348571777344,58.3341255187988,-5.04893159866333,-3.37630748748779,-1.77090179920197,-0.931262373924255,70
738533.39622321620117872953,56.9472045898438,-4.44036626815796,-11.8605766296387,0.0117647647857666,-0.00846103858202696,42.4863471984863,-71.4921646118164,763.42041015625,697.802978515625,-4.49527359008789,-13.1647605895996,118.457183837891,58.3384475708008,-5.01438474655151,-0.230864226818085,-1.7765349149704,-0.923954606056213,70
738533.39622542378492653370,56.8798942565918,-4.16827154159546,-12.3051452636719,0.0117647647857666,-0.00846103858202696,42.4863700866699,-71.4920349121094,762.547424316406,696.972045898438,-5.06649017333984,-12.4026346206665,118.713752746582,58.3447799682617,-4.97354650497437,-2.34682202339172,-1.78190863132477,-0.916575074195862,70
738533.39622770971618592739,56.8254814147949,-4.1522102355957,-12.7219972610474,0.0117647647857666,-0.00846103858202696,42.4863929748535,-71.4918975830078,761.644592285156,696.113708496094,-4.44905281066895,-11.4190797805786,119.131141662598,58.3800086975098,-4.90751028060913,-2.5751895904541,-1.78724265098572,-0.908472776412964,70
738533.39622995140962302685,56.7334518432617,-3.95281791687012,-13.213303565979,0.0117647647857666,-0.00846103858202696,42.4864158630371,-71.4917678833008,760.794372558594,695.306213378906,-3.87424945831299,-10.4179315567017,119.366798400879,58.3857917785645,-4.83465814590454,0.00295864557847381,-1.79214155673981,-0.900465846061707,70
738533.39623216795735061169,56.6600761413574,-3.72229337692261,-13.6058893203735,0.0117647647857666,-0.00846103858202696,42.4864387512207,-71.4916305541992,759.991821289062,694.546447753906,-4.5334095954895,-9.43869209289551,119.433990478516,58.3895530700684,-4.74452924728394,-0.285241723060608,-1.79669857025146,-0.892202973365784,70
738533.39623433444648981094,56.6085624694824,-3.5295832157135,-13.8924798965454,0.0117647647857666,-0.00846103858202696,42.4864616394043,-71.4915084838867,759.241149902344,693.837341308594,-4.18375635147095,-8.37662696838379,119.590148925781,58.3951034545898,-4.63699436187744,-1.82607996463776,-1.80072247982025,-0.883937299251556,70
738533.39623659756034612656,56.5497856140137,-3.3414466381073,-14.1583566665649,0.0117647647857666,-0.00846103858202696,42.4864883422852,-71.4913711547852,758.507446289062,693.146667480469,-3.58352422714233,-7.24921417236328,119.863456726074,58.3909454345703,-4.50637531280518,-2.54702234268188,-1.80443394184113,-0.875123798847198,70
738533.39623885578475892544,56.4799766540527,-3.16017436981201,-14.4200525283813,0.0117647647857666,-0.00846103858202696,42.4865112304688,-71.4912338256836,757.799438476562,692.482177734375,-3.0261116027832,-6.16011333465576,120.091682434082,58.3773307800293,-4.35796499252319,-2.03116846084595,-1.80771374702454,-0.865975439548492,70
738533.39624107163399457932,56.4204139709473,-2.98097515106201,-14.6769342422485,0.0117647647857666,-0.00846103858202696,42.4865379333496,-71.4911041259766,757.137939453125,691.863403320312,-3.17606282234192,-5.17204427719116,120.074684143066,58.374324798584,-4.20128011703491,-0.785574793815613,-1.81049656867981,-0.856773674488068,70
738533.39624321123119443655,56.3921318054199,-2.88852667808533,-14.8900299072266,0.0117647647857666,-0.00846103858202696,42.4865646362305,-71.4909820556641,756.542663574219,691.308227539062,-3.63533091545105,-4.26482582092285,119.743286132812,58.3963088989258,-4.04867649078369,0.178895071148872,-1.81272268295288,-0.847983181476593,70
738533.39624540612567216158,56.3710556030273,-2.93319344520569,-15.0431337356567,0.0117647647857666,-0.00846103858202696,42.4865913391113,-71.4908447265625,755.916748046875,690.724670410156,-3.35959553718567,-3.24445462226868,119.125015258789,58.417423248291,-3.89180374145508,0.259006142616272,-1.8147873878479,-0.838471353054047,70
738533.39624768239445984364,56.3231163024902,-2.9110586643219,-15.1275835037231,0.0117647647857666,-0.00846103858202696,42.4866180419922,-71.4907150268555,755.26513671875,690.116638183594,-2.24814319610596,-2.13468909263611,118.455535888672,58.3918800354004,-3.75281381607056,-0.40946438908577,-1.81681752204895,-0.828484892845154,70
738533.39625006879214197397,56.253101348877,-2.68609142303467,-15.2085866928101,0.0117647647857666,-0.00846103858202696,42.486644744873,-71.4905700683594,754.6240234375,689.520202636719,-2.07232761383057,-1.04805397987366,117.998123168945,58.3346176147461,-3.63137102127075,-0.0286565646529198,-1.81879734992981,-0.818047761917114,70
738533.39625228475779294968,56.2118110656738,-2.49123620986938,-15.308762550354,0.0117647647857666,-0.00846103858202696,42.4866714477539,-71.4904403686523,754.062927246094,689.002624511719,-2.70607972145081,-0.270640343427658,117.770370483398,58.3123664855957,-3.51607656478882,1.69034576416016,-1.82034599781036,-0.808087766170502,70
738533.39625446882564574480,56.2001953125,-2.50670289993286,-15.3609247207642,0.0117647647857666,-0.00846103858202696,42.4866981506348,-71.4903106689453,753.522399902344,688.507202148438,-2.51267552375793,0.693806290626526,117.541435241699,58.3155517578125,-3.39637184143066,2.45852589607239,-1.82152223587036,-0.798105955123901,70
738533.39625677268486469984,56.1906433105469,-2.53442144393921,-15.2886066436768,0.0117647647857666,-0.00846103858202696,42.4867286682129,-71.4901733398438,752.950134277344,687.981872558594,-1.62070524692535,2.39220881462097,117.164848327637,58.2885360717773,-3.28221702575684,0.755246937274933,-1.82258880138397,-0.787536680698395,70
738533.39625915186479687691,56.1740531921387,-2.32065391540527,-15.1024332046509,0.0117647647857666,-0.00846103858202696,42.4867553710938,-71.4900360107422,752.384704589844,687.464538574219,-1.86180889606476,5.54834938049316,116.797866821289,58.2150611877441,-3.18211984634399,-1.00820207595825,-1.82358920574188,-0.776605546474457,70
738533.39626173896249383688,56.1779708862305,-2.06783056259155,-14.8632926940918,0.0117647647857666,-0.00846103858202696,42.4867858886719,-71.4898834228516,751.81640625,686.949401855469,-2.50385594367981,8.34819316864014,116.847076416016,58.1477241516113,-3.06557846069336,0.433379679918289,-1.82430338859558,-0.764325141906738,70
738533.39626407832838594913,56.183406829834,-1.90505433082581,-14.6109342575073,0.0117647647857666,-0.00846103858202696,42.4868125915527,-71.48974609375,751.338073730469,686.51953125,-1.70145499706268,9.74843692779541,117.362274169922,58.0834197998047,-2.94401049613953,2.78189158439636,-1.82444584369659,-0.753218233585358,70
738533.39626635378226637840,56.1930923461914,-1.67866694927216,-14.2491273880005,0.0117647647857666,-0.00846103858202696,42.4868392944336,-71.4896087646484,750.907287597656,686.136108398438,-0.904309749603271,10.6586952209473,118.010185241699,57.9958534240723,-2.81255078315735,3.07528209686279,-1.82413256168365,-0.742298305034637,70
738533.39626863750163465738,56.2360610961914,-1.25457417964935,-13.7867050170898,0.0117647647857666,-0.00846103858202696,42.4868659973145,-71.4894714355469,750.546569824219,685.821838378906,-1.64524412155151,10.869213104248,118.491004943848,57.9149551391602,-2.66627717018127,1.69924569129944,-1.82329380512238,-0.731571972370148,70
738533.39627084124367684126,56.262279510498,-1.30237936973572,-13.4373397827148,0.0117647647857666,-0.00846103858202696,42.486888885498,-71.4893417358398,750.238952636719,685.559326171875,-1.92556047439575,11.1832723617554,118.777954101562,57.8593330383301,-2.49702119827271,1.46952438354492,-1.82179307937622,-0.721196234226227,70
738533.39627309038769453764,56.2414703369141,-1.13748061656952,-13.0951776504517,0.0117647647857666,-0.00846103858202696,42.4869117736816,-71.4892120361328,749.926147460938,685.29248046875,-0.625969767570496,11.0205669403076,119.073638916016,57.7570838928223,-2.32583117485046,3.60705041885376,-1.81989800930023,-0.710621178150177,70
738533.39627528784330934286,56.2355995178223,-0.802424907684326,-12.6574926376343,0.0117647647857666,-0.00846103858202696,42.4869346618652,-71.4890747070312,749.673095703125,685.085266113281,-1.0819628238678,10.7685308456421,119.400482177734,57.6480598449707,-2.15575003623962,2.78394675254822,-1.81759762763977,-0.700182795524597,70
738533.39627755410037934780,56.2667198181152,-0.777837157249451,-12.2239961624146,0.0117647647857666,-0.00846103858202696,42.4869575500488,-71.4889450073242,749.457214355469,684.914794921875,-1.44873106479645,10.5906085968018,119.603500366211,57.5845031738281,-1.97494173049927,0.0483832024037838,-1.81474137306213,-0.689903378486633,70
738533.39627976389601826668,56.2576332092285,-0.815170288085938,-11.8761892318726,0.0117647647857666,-0.00846103858202696,42.4869804382324,-71.4888153076172,749.234375,684.736511230469,-0.377235323190689,10.2820281982422,119.587882995605,57.503303527832,-1.80725061893463,0.20965763926506,-1.81163501739502,-0.679916977882385,70
738533.39628188079223036766,56.1995429992676,-0.669448256492615,-11.5656204223633,0.0117647647857666,-0.00846103858202696,42.4869995117188,-71.4886856079102,749.027160644531,684.573181152344,0.051698986440897,9.38378143310547,119.450622558594,57.3811874389648,-1.66503942012787,1.79591703414917,-1.80846202373505,-0.670210182666779,70
738533.39628415030892938375,56.1521339416504,-0.565654158592224,-11.2423057556152,0.0117647647857666,-0.00846103858202696,42.4870185852051,-71.4885559082031,748.846069335938,684.436889648438,-0.390779912471771,8.2448205947876,119.326133728027,57.2692909240723,-1.53027951717377,1.28312969207764,-1.80496311187744,-0.660351037979126,70
738533.39628636185079813004,56.1189041137695,-0.65223640203476,-10.8963432312012,0.0117647647857666,-0.00846103858202696,42.4870414733887,-71.4884185791016,748.65673828125,684.293212890625,0.378510892391205,7.87081003189087,119.190841674805,57.1706809997559,-1.40469288825989,-1.25703883171082,-1.80117607116699,-0.650450646877289,70
738533.39628859772346913815,56.0603103637695,-0.607593417167664,-10.6132392883301,0.0117647647857666,-0.00846103858202696,42.487060546875,-71.4882888793945,748.467346191406,684.148132324219,1.08869540691376,7.65479135513306,118.858535766602,57.0593414306641,-1.30633246898651,-1.1699765920639,-1.79746615886688,-0.640974819660187,70
738533.39629085990600287914,55.9856491088867,-0.55319207906723,-10.425576210022,0.0117647647857666,-0.00846103858202696,42.4870796203613,-71.4881591796875,748.286926269531,684.013427734375,0.355674117803574,7.32336759567261,118.188468933105,56.9507789611816,-1.22217893600464,1.50331139564514,-1.79356217384338,-0.631307005882263,70
738533.39629302686080336571,55.9293746948242,-0.679632246494293,-10.2346792221069,0.0117647647857666,-0.00846103858202696,42.4870948791504,-71.4880294799805,748.106628417969,683.876281738281,0.0291497521102428,6.99567651748657,117.397979736328,56.8621635437012,-1.15588748455048,1.94062805175781,-1.78980803489685,-0.622336208820343,70
738533.39629520510789006948,55.8537483215332,-0.720130562782288,-9.95872592926025,0.0117647647857666,-0.00846103858202696,42.4871139526367,-71.4878997802734,747.903442382812,683.717346191406,0.574319005012512,6.73663139343262,116.758491516113,56.7391929626465,-1.11107611656189,0.297538697719574,-1.78605234622955,-0.613215148448944,70
738533.39629748079460114241,55.7610359191895,-0.630988657474518,-9.68094158172607,0.0117647647857666,-0.00846103858202696,42.4871292114258,-71.4877700805664,747.707824707031,683.5654296875,0.862052083015442,6.53316783905029,116.486831665039,56.5986938476562,-1.08532321453094,-0.757596671581268,-1.78242123126984,-0.60430645942688,70
738533.39629974635317921638,55.672779083252,-0.467889487743378,-9.45416164398193,0.0117647647857666,-0.00846103858202696,42.4871482849121,-71.4876403808594,747.529235839844,683.433044433594,0.249487966299057,6.14054298400879,116.478439331055,56.4717483520508,-1.05965793132782,0.0927303805947304,-1.778484582901,-0.594982326030731,70
738533.39630198979284614325,55.6118240356445,-0.424197047948837,-9.31691837310791,0.0117647647857666,-0.00846103858202696,42.4871673583984,-71.4875030517578,747.3740234375,683.32373046875,-0.436418056488037,5.65879154205322,116.482704162598,56.3884735107422,-1.02157008647919,2.27007555961609,-1.77431464195251,-0.585839927196503,70
738533.39630427188239991665,55.5546913146973,-0.57731568813324,-9.18128776550293,0.0117647647857666,-0.00846103858202696,42.4871826171875,-71.4873657226562,747.20947265625,683.204162597656,-0.0690013617277145,5.31214618682861,116.347465515137,56.3112182617188,-0.980061590671539,3.0509786605835,-1.77008199691772,-0.577031016349792,70
738533.39630647317972034216,55.489372253418,-0.688968241214752,-8.93637084960938,0.0117647647857666,-0.00846103858202696,42.4871978759766,-71.4872436523438,747.021301269531,683.05908203125,0.84086549282074,5.10917234420776,116.094520568848,56.2085723876953,-0.956359207630157,0.242423698306084,-1.76613855361938,-0.5687096118927,70
738533.39630879776086658239,55.4022445678711,-0.720571041107178,-8.68357753753662,0.0117647647857666,-0.00846103858202696,42.4872131347656,-71.4871063232422,746.807312011719,682.89111328125,0.715385019779205,4.87192153930664,115.736045837402,56.0832633972168,-0.954093933105469,-1.92877852916718,-1.76213443279266,-0.559859156608582,70
738533.39631110941991209984,55.3309631347656,-0.661097407341003,-8.48962688446045,0.0117647647857666,-0.00846103858202696,42.487232208252,-71.4869689941406,746.599304199219,682.728759765625,-0.360921084880829,4.60879230499268,115.420166015625,55.9823722839355,-0.964855372905731,-2.25488638877869,-1.75827872753143,-0.5511873960495,70
738533.39631331025157123804,55.2900238037109,-0.66074413061142,-8.38672828674316,0.0117647647857666,-0.00846103858202696,42.487247467041,-71.4868392944336,746.408142089844,682.581237792969,-1.23730337619781,4.32585144042969,115.223747253418,55.926383972168,-0.974478185176849,-0.662836849689484,-1.75458025932312,-0.543024122714996,70
738533.39631562784779816866,55.254940032959,-0.786753714084625,-8.33542060852051,0.0117647647857666,-0.00846103858202696,42.4872627258301,-71.4867095947266,746.196350097656,682.414306640625,-1.12077534198761,4.00801229476929,115.056686401367,55.8856544494629,-0.984589755535126,1.78155505657196,-1.75078308582306,-0.534689664840698,70
738533.39631798141635954380,55.2137489318848,-0.87013441324234,-8.25659942626953,0.0117647647857666,-0.00846103858202696,42.4872779846191,-71.4865798950195,745.955017089844,682.217956542969,-0.633289635181427,3.68373084068298,114.776802062988,55.8344573974609,-1.0079790353775,2.7588529586792,-1.74716830253601,-0.526434004306793,70
738533.39632043417077511549,55.1835670471191,-0.837546765804291,-8.08506202697754,0.0117647647857666,-0.00846103858202696,42.4872932434082,-71.4864349365234,745.703369140625,682.014770507812,-1.78345000743866,3.34661459922791,114.371383666992,55.7789878845215,-1.04269158840179,0.56670868396759,-1.74343764781952,-0.517601013183594,70
738533.39632273733150213957,55.1501922607422,-1.02427732944489,-7.99906587600708,0.0117647647857666,-0.00846103858202696,42.4873085021973,-71.4862976074219,745.44384765625,681.801025390625,-1.60509383678436,3.02004194259644,114.181785583496,55.7366828918457,-1.07661211490631,0.799508988857269,-1.73998928070068,-0.509371221065521,70
738533.39632505434565246105,55.0877456665039,-1.04008209705353,-7.97583723068237,0.0117647647857666,-0.00846103858202696,42.4873237609863,-71.4861602783203,745.163940429688,681.56640625,-0.651362478733063,2.64996194839478,114.226715087891,55.6718559265137,-1.12335729598999,3.02436137199402,-1.73682856559753,-0.501305282115936,70
738533.39632735867053270340,55.0508575439453,-0.987410724163055,-7.90233612060547,0.0117647647857666,-0.00846103858202696,42.4873390197754,-71.4860305786133,744.8974609375,681.344787597656,-1.21981000900269,2.28360342979431,114.246047973633,55.623908996582,-1.17187917232513,2.52416658401489,-1.73382043838501,-0.493373215198517,70
738533.39632963819894939661,55.0494384765625,-1.0585914850235,-7.78745603561401,0.0117647647857666,-0.00846103858202696,42.4873542785645,-71.4858932495117,744.624145507812,681.116760253906,-1.99493956565857,1.96217679977417,114.078605651855,55.6076049804688,-1.21268022060394,0.197691783308983,-1.73078846931458,-0.485412299633026,70
738533.39633187197614461184,55.0432510375977,-1.21652245521545,-7.6988000869751,0.0117647647857666,-0.00846103858202696,42.4873657226562,-71.4857635498047,744.3359375,680.872131347656,-1.85652554035187,1.67577314376831,113.805732727051,55.5923652648926,-1.25265979766846,-1.1013548374176,-1.72797870635986,-0.477801829576492,70
738533.39633416384458541870,55.0038414001465,-1.30495834350586,-7.66702938079834,0.0117647647857666,-0.00846103858202696,42.4873809814453,-71.4856338500977,744.019592285156,680.599731445312,-1.33571708202362,1.3559775352478,113.566833496094,55.5509567260742,-1.30446517467499,-0.405689418315887,-1.72539520263672,-0.470164120197296,70
738533.39633646223228424788,54.9497299194336,-1.27434515953064,-7.68861627578735,0.0117647647857666,-0.00846103858202696,42.4873962402344,-71.4855041503906,743.700500488281,680.324401855469,-1.55314183235168,0.972718775272369,113.477188110352,55.4996528625488,-1.36397767066956,1.35185647010803,-1.72304081916809,-0.46259281039238,70
738533.39633870916441082954,54.932300567627,-1.24982511997223,-7.69932842254639,0.0117647647857666,-0.00846103858202696,42.4874076843262,-71.4853744506836,743.387268066406,680.055847167969,-2.4579393863678,0.626471281051636,113.533508300781,55.4833221435547,-1.41774165630341,1.61867141723633,-1.72068619728088,-0.45490163564682,70
738533.39634108322206884623,54.9387512207031,-1.44800007343292,-7.64357471466064,0.0117647647857666,-0.00846103858202696,42.4874229431152,-71.485237121582,743.041687011719,679.755920410156,-2.13628315925598,1.28288578987122,113.593467712402,55.4868202209473,-1.46557366847992,-0.251922190189362,-1.71832633018494,-0.447050273418427,70
738533.39634350338019430637,54.9221725463867,-1.61687386035919,-7.55460405349731,0.0117647647857666,-0.00846103858202696,42.4874382019043,-71.4850997924805,742.653564453125,679.413879394531,-1.14398849010468,2.15978932380676,113.52466583252,55.4628829956055,-1.52595674991608,-1.60189390182495,-1.71623909473419,-0.439150333404541,70
738533.39634590665809810162,54.873664855957,-1.67449164390564,-7.50430774688721,0.0117647647857666,-0.00846103858202696,42.4874534606934,-71.4849624633789,742.232360839844,679.039978027344,-0.968200266361237,1.81806588172913,113.318092346191,55.409725189209,-1.60475420951843,-0.889858901500702,-1.71447789669037,-0.431085228919983,70
738533.39634827035479247570,54.8258743286133,-1.73534166812897,-7.51895236968994,0.0117647647857666,-0.00846103858202696,42.4874687194824,-71.4848175048828,741.808898925781,678.662963867188,-1.70730400085449,1.70593178272247,113.108695983887,55.3662605285645,-1.68757665157318,1.00800931453705,-1.71299982070923,-0.423168361186981,70
738533.39635068958159536123,54.7973937988281,-1.96656000614166,-7.49339151382446,0.0117647647857666,-0.00846103858202696,42.4874801635742,-71.4846801757812,741.357788085938,678.257751464844,-1.73980093002319,3.12718296051025,113.020935058594,55.3423233032227,-1.77225852012634,1.41638517379761,-1.71178424358368,-0.415374130010605,70
738533.39635301346424967051,54.7694053649902,-2.13753366470337,-7.33410882949829,0.0117647647857666,-0.00846103858202696,42.4874954223633,-71.4845504760742,740.862121582031,677.807739257812,-1.05832922458649,4.97035932540894,113.041633605957,55.2996025085449,-1.87316393852234,-0.557911574840546,-1.71101212501526,-0.407637149095535,70
738533.39635534200351685286,54.7659149169922,-2.21851444244385,-7.12151956558228,0.0117647647857666,-0.00846103858202696,42.4875106811523,-71.4844131469727,740.351440429688,677.342224121094,-1.59693789482117,6.12240314483643,113.00129699707,55.271541595459,-1.98666667938232,-2.13474988937378,-1.71066975593567,-0.39999070763588,70
738533.39635771070607006550,54.7888641357422,-2.45400834083557,-6.99640321731567,0.0117647647857666,-0.00846103858202696,42.4875221252441,-71.4842758178711,739.814758300781,676.850341796875,-2.65702295303345,7.00533008575439,112.766059875488,55.288257598877,-2.10392999649048,-0.479807943105698,-1.71066212654114,-0.392435014247894,70
738533.39635999023448675871,54.8004531860352,-2.81772065162659,-6.88975858688354,0.0117647647857666,-0.00846103858202696,42.4875373840332,-71.4841461181641,739.216369628906,676.296508789062,-2.46009302139282,7.2937331199646,112.415672302246,55.3036880493164,-2.23675084114075,1.62497746944427,-1.71115815639496,-0.384962975978851,70
738533.39636223600246012211,54.799877166748,-3.02784943580627,-6.67670631408691,0.0117647647857666,-0.00846103858202696,42.487548828125,-71.484016418457,738.575927734375,675.698608398438,-1.94521474838257,8.36046695709229,112.153900146484,55.2880897521973,-2.39484596252441,1.07858800888062,-1.71233201026917,-0.377735465764999,70
738533.39636449131648987532,54.8255271911621,-3.10350155830383,-6.38335418701172,0.0117647647857666,-0.00846103858202696,42.4875602722168,-71.48388671875,737.909423828125,675.074768066406,-2.6045515537262,9.93469715118408,112.07682800293,55.2830657958984,-2.57136726379395,-0.174973234534264,-1.71410346031189,-0.37051123380661,70
738533.39636673789937049150,54.8977127075195,-3.23530721664429,-6.08714294433594,0.0117647647857666,-0.00846103858202696,42.4875717163086,-71.483757019043,737.219421386719,674.427673339844,-3.65026330947876,11.5588130950928,112.141441345215,55.3288269042969,-2.74792957305908,-0.205598130822182,-1.71628212928772,-0.363278746604919,70
738533.39636903477367013693,54.9883804321289,-3.49969005584717,-5.80933952331543,0.0117647647857666,-0.00846103858202696,42.4875831604004,-71.4836196899414,736.489013671875,673.740234375,-3.8171546459198,13.3246870040894,112.201263427734,55.4050369262695,-2.92048835754395,1.10815060138702,-1.71884155273438,-0.356113880872726,70
738533.39637131337076425552,55.0708503723145,-3.76400637626648,-5.48719310760498,0.0117647647857666,-0.00846103858202696,42.4875946044922,-71.4834899902344,735.696533203125,672.991088867188,-3.31486368179321,15.2390394210815,112.138732910156,55.4713935852051,-3.10214328765869,2.77934002876282,-1.72196674346924,-0.348964899778366,70
738533.39637360814958810806,55.1552619934082,-3.91058087348938,-5.0395073890686,0.0117647647857666,-0.00846103858202696,42.4876022338867,-71.4833526611328,734.8505859375,672.189208984375,-3.53839564323425,17.2359638214111,112.002998352051,55.5228996276855,-3.29786252975464,3.40541887283325,-1.72575497627258,-0.341793358325958,70
738533.39637571701314300299,55.24755859375,-4.0694694519043,-4.53643226623535,0.0117647647857666,-0.00846103858202696,42.4876098632812,-71.4832305908203,734.073547363281,671.451477050781,-4.27262878417969,18.6561641693115,111.993225097656,55.5826606750488,-3.47212553024292,1.96012330055237,-1.72955858707428,-0.335526764392853,70
738533.39637782727368175983,55.3246383666992,-4.46754550933838,-4.07318782806396,0.0117647647857666,-0.00846103858202696,42.4876174926758,-71.4831085205078,733.222351074219,670.640380859375,-3.10536122322083,19.8651599884033,112.171577453613,55.653980255127,-3.65259909629822,1.45156073570251,-1.73387765884399,-0.329226195812225,70
738533.39638000109698623419,55.3913726806641,-4.48406982421875,-3.55431389808655,0.0117647647857666,-0.00846103858202696,42.4876251220703,-71.4829864501953,732.318481445312,669.777282714844,-2.11048984527588,19.8078327178955,112.293731689453,55.6861228942871,-3.8516685962677,4.61413717269897,-1.73890566825867,-0.322935342788696,70
738533.39638213498983532190,55.4550971984863,-4.57216167449951,-2.98063564300537,0.0117647647857666,-0.00846103858202696,42.4876327514648,-71.4828567504883,731.41455078125,668.914123535156,-3.03878808021545,19.723747253418,112.221778869629,55.7230339050293,-4.04339933395386,4.50211477279663,-1.74430000782013,-0.31678518652916,70
738533.39638431102503091097,55.4981918334961,-4.81359958648682,-2.36432480812073,0.0117647647857666,-0.00846103858202696,42.4876365661621,-71.4827346801758,730.473510742188,668.013671875,-2.72061967849731,19.6664199829102,112.17147064209,55.7567024230957,-4.22270154953003,1.84165453910828,-1.74998271465302,-0.310820758342743,70
738533.39638646051753312349,55.5331230163574,-4.78497743606567,-1.76718711853027,0.0117647647857666,-0.00846103858202696,42.4876403808594,-71.4826126098633,729.525756835938,667.106018066406,-2.34347820281982,19.5641174316406,112.303421020508,55.7668952941895,-4.39558458328247,3.00123834609985,-1.75598418712616,-0.305109322071075,70
738533.39638869976624846458,55.5727615356445,-4.81730461120605,-1.19513773918152,0.0117647647857666,-0.00846103858202696,42.4876441955566,-71.4824829101562,728.536010742188,666.158081054688,-2.64636850357056,19.4312477111816,112.527740478516,55.7939682006836,-4.5577073097229,4.50890636444092,-1.76246201992035,-0.299329340457916,70
738533.39639096450991928577,55.6282691955566,-4.81376504898071,-0.593689858913422,0.0117647647857666,-0.00846103858202696,42.4876441955566,-71.4823455810547,727.532836914062,665.197326660156,-3.27904319763184,19.1342353820801,112.705795288086,55.8393173217773,-4.69664812088013,5.17241764068604,-1.76913583278656,-0.293697655200958,70
738533.39639305544551461935,55.6853790283203,-4.91197347640991,-0.0121597312390804,0.0117647647857666,-0.00846103858202696,42.4876480102539,-71.4822235107422,726.561767578125,664.266845703125,-3.73368549346924,18.774995803833,112.783737182617,55.9015998840332,-4.80615568161011,4.20127725601196,-1.77559661865234,-0.288543939590454,70
738533.39639519446063786745,55.7312393188477,-5.03641891479492,0.582694113254547,0.0117647647857666,-0.00846103858202696,42.4876480102539,-71.4820938110352,725.577819824219,663.323059082031,-3.79581904411316,18.4287605285645,112.795471191406,55.9613800048828,-4.90246868133545,2.36120462417603,-1.78214120864868,-0.283671468496323,70
738533.39639745047315955162,55.7721824645996,-5.0882420539856,1.19251608848572,0.0117647647857666,-0.00846103858202696,42.4876441955566,-71.4819641113281,724.537780761719,662.324768066406,-4.04404449462891,18.0621757507324,112.83039855957,56.0165023803711,-4.99855899810791,1.47200632095337,-1.78917169570923,-0.278848230838776,70
738533.39639967575203627348,55.8215293884277,-5.0600733757019,1.72213923931122,0.0117647647857666,-0.00846103858202696,42.4876441955566,-71.4818420410156,723.517028808594,661.344909667969,-4.78157377243042,17.6325645446777,113.008392333984,56.0768508911133,-5.0858097076416,3.01609063148499,-1.79623425006866,-0.274386912584305,70
738533.39640188310295343399,55.884708404541,-5.17608594894409,2.19547653198242,0.0117647647857666,-0.00846103858202696,42.4876403808594,-71.4817047119141,722.443725585938,660.314331054688,-4.9948148727417,17.1047744750977,113.40877532959,56.1668281555176,-5.16374635696411,4.77865171432495,-1.80368912220001,-0.269992232322693,70
738533.39640406740363687277,55.9395790100098,-5.27214336395264,2.75208163261414,0.0117647647857666,-0.00846103858202696,42.4876365661621,-71.481575012207,721.3837890625,659.295532226562,-4.46664142608643,16.6918964385986,113.804313659668,56.2548294067383,-5.23568153381348,3.05708622932434,-1.81104505062103,-0.266040742397308,70
738533.39640625577885657549,55.9919204711914,-5.19352340698242,3.36808586120605,0.0117647647857666,-0.00846103858202696,42.4876327514648,-71.4814453125,720.322326660156,658.275268554688,-5.09193325042725,16.3797779083252,114.020576477051,56.3330459594727,-5.3069281578064,1.04200315475464,-1.81859385967255,-0.262348622083664,70
738533.39640840527135878801,56.0480499267578,-5.30514764785767,3.80332827568054,0.0117647647857666,-0.00846103858202696,42.4876289367676,-71.4813232421875,719.288391113281,657.281372070312,-5.72304630279541,16.0338706970215,114.195068359375,56.426887512207,-5.36573505401611,2.30000066757202,-1.82598102092743,-0.259012877941132,70
738533.39641073788516223431,56.0995445251465,-5.37357902526855,4.28345441818237,0.0117647647857666,-0.00846103858202696,42.487621307373,-71.4811782836914,718.103759765625,656.141723632812,-5.06229591369629,15.539026260376,114.533874511719,56.5188636779785,-5.429527759552,3.81253123283386,-1.83442115783691,-0.255536079406738,70
738533.39641291764564812183,56.1413116455078,-5.35788917541504,4.78368473052979,0.0117647647857666,-0.00846103858202696,42.4876136779785,-71.4810485839844,717.026062011719,655.104858398438,-5.03060626983643,15.1315050125122,114.903305053711,56.5989189147949,-5.48589897155762,3.19802594184875,-1.84224426746368,-0.252678036689758,70
738533.39641520928125828505,56.2070693969727,-5.33942604064941,5.32703590393066,0.0117647647857666,-0.00846103858202696,42.487606048584,-71.4809188842773,715.920166015625,654.041015625,-5.86121940612793,15.1753921508789,115.168983459473,56.7108573913574,-5.53541278839111,1.55507111549377,-1.85034108161926,-0.249990552663803,70
738533.39641736762132495642,56.3012886047363,-5.42081546783447,5.82917451858521,0.0117647647857666,-0.00846103858202696,42.4875946044922,-71.4807891845703,714.842224121094,653.003845214844,-6.69538450241089,15.6648025512695,115.209533691406,56.8612327575684,-5.5738844871521,0.507371068000793,-1.85820364952087,-0.247645556926727,70
738533.39641959499567747116,56.3867225646973,-5.62798976898193,6.28836584091187,0.0117647647857666,-0.00846103858202696,42.4875869750977,-71.4806518554688,713.708923339844,651.912231445312,-6.43902397155762,16.1245746612549,115.057556152344,57.0147361755371,-5.61467266082764,0.77427476644516,-1.86637699604034,-0.245503708720207,70
738533.39642180211376398802,56.4358367919922,-5.77185010910034,6.74860620498657,0.0117647647857666,-0.00846103858202696,42.4875755310059,-71.4805221557617,712.543884277344,650.788757324219,-5.60545492172241,16.5443878173828,114.873886108398,57.1302146911621,-5.67174911499023,1.87547171115875,-1.87485194206238,-0.243633821606636,70
738533.39642395742703229189,56.4620704650879,-5.7668342590332,7.25146389007568,0.0117647647857666,-0.00846103858202696,42.4875640869141,-71.4803924560547,711.404052734375,649.498413085938,-5.34005880355835,17.0029468536377,114.84464263916,57.2171783447266,-5.7420768737793,2.6685209274292,-1.88336634635925,-0.242074802517891,70
738533.39642612717580050230,56.4932708740234,-5.90232801437378,7.78872585296631,0.0117647647857666,-0.00846103858202696,42.4875526428223,-71.4802627563477,710.241577148438,647.80224609375,-5.51114511489868,17.5304946899414,114.975967407227,57.3322906494141,-5.8149619102478,1.8646377325058,-1.89220035076141,-0.240724802017212,70
738533.39642837108112871647,56.5038871765137,-6.12904167175293,8.27043724060059,0.0117647647857666,-0.00846103858202696,42.4875373840332,-71.4801330566406,709.008666992188,646.023681640625,-4.36199998855591,17.3349838256836,115.082580566406,57.4339141845703,-5.89746522903442,2.97761416435242,-1.90150547027588,-0.239601746201515,70
738533.39643051591701805592,56.480411529541,-6.09666347503662,8.72945308685303,0.0117647647857666,-0.00846103858202696,42.4875259399414,-71.4800033569336,707.797973632812,644.282592773438,-4.09726810455322,17.0581321716309,115.100631713867,57.4752922058105,-5.99113368988037,6.09813261032104,-1.91091442108154,-0.238762557506561,70
738533.39643276866991072893,56.4443054199219,-6.09228372573853,9.25541019439697,0.0117647647857666,-0.00846103858202696,42.4875106811523,-71.4798736572266,706.557678222656,642.49462890625,-4.93771076202393,16.8032035827637,115.228218078613,57.5216331481934,-6.08300352096558,6.34758710861206,-1.92078578472137,-0.238150209188461,70
738533.39643501897808164358,56.3909072875977,-6.26667594909668,9.83408069610596,0.0117647647857666,-0.00846103858202696,42.4874954223633,-71.4797439575195,705.319702148438,640.718017578125,-4.69040822982788,16.3319034576416,115.584861755371,57.5839805603027,-6.16347360610962,3.01397681236267,-1.93059039115906,-0.237805247306824,70
738533.39643726823851466179,56.3495750427246,-6.19951629638672,10.4025869369507,0.0117647647857666,-0.00846103858202696,42.487476348877,-71.479606628418,704.010864257812,638.844909667969,-4.33069229125977,15.6705751419067,115.999221801758,57.6361236572266,-6.24794244766235,3.23230862617493,-1.94109189510345,-0.237720817327499,70
738533.39643956790678203106,56.3327026367188,-6.23362016677856,10.8427639007568,0.0117647647857666,-0.00846103858202696,42.4874572753906,-71.4794692993164,702.718994140625,636.990539550781,-5.04592561721802,14.9330759048462,116.224411010742,57.7043914794922,-6.3188910484314,5.22087955474854,-1.95162010192871,-0.237917304039001,70
738533.39644175942521542311,56.2746810913086,-6.37471771240234,11.3509140014648,0.0117647647857666,-0.00846103858202696,42.4874382019043,-71.4793395996094,701.455627441406,635.187744140625,-4.60210275650024,14.4409160614014,116.324501037598,57.7608871459961,-6.37869882583618,2.51563930511475,-1.96180188655853,-0.23836861550808,70
738533.39644379972014576197,56.2058982849121,-6.27886962890625,11.8890342712402,0.0117647647857666,-0.00846103858202696,42.487419128418,-71.4792175292969,700.238647460938,633.451782226562,-4.50710535049438,14.2171087265015,116.44034576416,57.7916641235352,-6.43670225143433,0.428581357002258,-1.97177720069885,-0.239049702882767,70
738533.39644594001583755016,56.1883201599121,-6.17813634872437,12.3141536712646,0.0117647647857666,-0.00846103858202696,42.4874000549316,-71.4790954589844,699.074829101562,631.781982421875,-5.29650211334229,13.9055032730103,116.575042724609,57.8527030944824,-6.48058557510376,1.51441419124603,-1.98147904872894,-0.239939972758293,70
738533.39644808508455753326,56.2089920043945,-6.19736385345459,12.7515497207642,0.0117647647857666,-0.00846103858202696,42.4873809814453,-71.4789657592773,697.834228515625,629.996704101562,-6.11821746826172,13.0979738235474,116.588539123535,57.9694747924805,-6.50679922103882,1.6301361322403,-1.99177312850952,-0.24116313457489,70
738533.39645025250501930714,56.2237586975098,-6.36752462387085,13.086085319519,0.0117647647857666,-0.00846103858202696,42.4873580932617,-71.4788360595703,696.600402832031,628.231262207031,-5.73923444747925,12.0252523422241,116.411491394043,58.0766906738281,-6.5240650177002,2.73718619346619,-2.00180315971375,-0.242610082030296,70
738533.39645237766671925783,56.2041473388672,-6.41602230072021,13.4265422821045,0.0117647647857666,-0.00846103858202696,42.4873390197754,-71.4787063598633,695.370300292969,626.479675292969,-5.03770589828491,10.6653509140015,116.233184814453,58.1407203674316,-6.54972362518311,2.92362546920776,-2.0118293762207,-0.244256481528282,70
738533.39645462110638618469,56.1639823913574,-6.34594058990479,13.8282804489136,0.0117647647857666,-0.00846103858202696,42.4873161315918,-71.4785766601562,694.079895019531,624.639587402344,-5.06255149841309,9.11102676391602,116.225975036621,58.1883583068848,-6.58267545700073,0.885770261287689,-2.02254819869995,-0.246240302920341,70
738533.39645685954019427299,56.1520118713379,-6.2861156463623,14.1837978363037,0.0117647647857666,-0.00846103858202696,42.4872932434082,-71.4784469604492,692.785339355469,622.786926269531,-5.31939506530762,7.6016263961792,116.427291870117,58.2558479309082,-6.6087121963501,-0.826803684234619,-2.03341937065125,-0.248497426509857,70
738533.39645908947568386793,56.1647491455078,-6.31903982162476,14.3649101257324,0.0117647647857666,-0.00846103858202696,42.4872665405273,-71.4783096313477,691.496826171875,621.528259277344,-4.7155237197876,6.12154293060303,116.728889465332,58.316032409668,-6.62333536148071,1.17407822608948,-2.04418325424194,-0.250983715057373,70
738533.39646133675705641508,56.1818885803223,-5.98679780960083,14.5946140289307,0.0117647647857666,-0.00846103858202696,42.4872436523438,-71.4781799316406,690.254821777344,620.526550292969,-4.83258247375488,4.79334354400635,117.063194274902,58.3545112609863,-6.62437772750854,0.850551903247833,-2.05476856231689,-0.253683060407639,70
738533.39646360068581998348,56.2065124511719,-5.92415285110474,14.7923669815063,0.0117647647857666,-0.00846103858202696,42.4872169494629,-71.4780502319336,689.033264160156,619.5478515625,-4.72455406188965,4.08072423934937,117.311508178711,58.4215888977051,-6.59455490112305,-0.376252502202988,-2.06504559516907,-0.256612300872803,70
738533.39646589406765997410,56.2338523864746,-5.87691783905029,14.919921875,0.0117647647857666,-0.00846103858202696,42.487190246582,-71.477912902832,687.802795410156,618.410461425781,-4.2470874786377,3.59081554412842,117.347274780273,58.4755363464355,-6.54521226882935,0.133843138813972,-2.0751895904541,-0.259789228439331,70
738533.39646817382890731096,56.2702178955078,-5.76132011413574,14.9833106994629,0.0117647647857666,-0.00846103858202696,42.4871673583984,-71.4777755737305,686.5654296875,617.167785644531,-4.55689716339111,1.68784368038177,117.185874938965,58.515209197998,-6.48531103134155,1.52545118331909,-2.08531641960144,-0.263215869665146,70
738533.39647049026098102331,56.3400077819824,-5.66058826446533,15.0077438354492,0.0117647647857666,-0.00846103858202696,42.4871406555176,-71.4776382446289,685.370300292969,615.967529296875,-5.29915857315063,-0.932440400123596,116.99227142334,58.5787620544434,-6.41681480407715,1.34432852268219,-2.09503793716431,-0.266753643751144,70
738533.39647274743765592575,56.42822265625,-5.57968378067017,14.9824132919312,0.0117647647857666,-0.00846103858202696,42.4871139526367,-71.4775085449219,684.21240234375,614.804443359375,-5.64619064331055,-1.68317782878876,116.87239074707,58.6493797302246,-6.34171628952026,0.673375904560089,-2.10434985160828,-0.27037501335144,70
738533.39647497155237942934,56.4912338256836,-5.53659248352051,14.9765672683716,0.0117647647857666,-0.00846103858202696,42.4870872497559,-71.4773712158203,683.048645019531,613.634948730469,-5.16287326812744,-1.942835688591,116.97770690918,58.7044372558594,-6.26118612289429,-0.943856000900269,-2.11358451843262,-0.274190008640289,70
738533.39647739101201295853,56.545482635498,-5.38757848739624,14.9584913253784,0.0117647647857666,-0.00846103858202696,42.487060546875,-71.4772262573242,681.869812011719,612.450134277344,-4.55907917022705,-2.094162940979,117.289222717285,58.7381858825684,-6.17838096618652,-2.17998743057251,-2.12286949157715,-0.278216868638992,70
738533.39647960977163165808,56.6056594848633,-5.22305297851562,14.9164390563965,0.0117647647857666,-0.00846103858202696,42.4870338439941,-71.4770965576172,680.769287109375,611.343444824219,-4.73285341262817,-1.70251750946045,117.647071838379,58.770580291748,-6.0932183265686,-2.45837068557739,-2.13150596618652,-0.282147765159607,70
738533.39648195018526166677,56.6803512573242,-5.13705968856812,14.8414764404297,0.0117647647857666,-0.00846103858202696,42.4870109558105,-71.4769592285156,679.692932128906,610.26025390625,-4.93978977203369,-1.72298645973206,117.956924438477,58.8159942626953,-5.99769735336304,-1.4084780216217,-2.13980984687805,-0.286155879497528,70
738533.39648425136692821980,56.7303009033203,-5.11760330200195,14.7780170440674,0.0117647647857666,-0.00846103858202696,42.4869842529297,-71.4768218994141,678.5791015625,609.138488769531,-4.14585256576538,-1.94790410995483,118.1953125,58.8464698791504,-5.89570569992065,-1.25012171268463,-2.14816188812256,-0.290381729602814,70
738533.39648664940614253283,56.7589530944824,-4.9123387336731,14.7055826187134,0.0117647647857666,-0.00846103858202696,42.4869575500488,-71.476676940918,677.47021484375,608.02099609375,-3.74906039237976,-2.20964431762695,118.401077270508,58.8384590148926,-5.79678916931152,-1.49820375442505,-2.15645098686218,-0.294715732336044,70
738533.39648907608352601528,56.8229179382324,-4.65242195129395,14.5708990097046,0.0117647647857666,-0.00846103858202696,42.486930847168,-71.4765319824219,676.408935546875,607.3310546875,-4.6081690788269,-2.53966736793518,118.615745544434,58.8455619812012,-5.68691635131836,-0.268536895513535,-2.16436886787415,-0.299092173576355,70
738533.39649137062951922417,56.9138984680176,-4.57205152511597,14.4191150665283,0.0117647647857666,-0.00846103858202696,42.4869041442871,-71.4763946533203,675.423217773438,606.9296875,-5.00986528396606,-2.94188523292542,118.792037963867,58.8897819519043,-5.56368589401245,1.21524059772491,-2.17144513130188,-0.303293764591217,70
738533.39649367821402847767,56.9831619262695,-4.51757001876831,14.3218851089478,0.0117647647857666,-0.00846103858202696,42.4868774414062,-71.4762496948242,674.425659179688,606.527954101562,-4.51022338867188,-3.25302267074585,118.876846313477,58.9288177490234,-5.43425273895264,0.318320870399475,-2.17830419540405,-0.307587534189224,70
738533.39649602223653346300,57.0197334289551,-4.38613080978394,14.2902460098267,0.0117647647857666,-0.00846103858202696,42.4868545532227,-71.4761199951172,673.49560546875,606.165161132812,-4.45541858673096,-2.81395435333252,118.900009155273,58.9465789794922,-5.31662321090698,-2.41792488098145,-2.18459320068359,-0.311643838882446,70
738533.39649831817951053381,57.0646133422852,-4.20337438583374,14.2408056259155,0.0117647647857666,-0.00846103858202696,42.4868278503418,-71.4759750366211,672.545227050781,605.815368652344,-4.82970905303955,-2.5756459236145,119.00749206543,58.964729309082,-5.19222688674927,-3.62876415252686,-2.19092011451721,-0.315937519073486,70
738533.39650058129336684942,57.1181831359863,-4.07605600357056,14.1169748306274,0.0117647647857666,-0.00846103858202696,42.4868049621582,-71.4758377075195,671.666198730469,605.51123046875,-4.6040301322937,-2.4087872505188,119.299499511719,58.9778785705566,-5.06804323196411,-1.9649795293808,-2.19658231735229,-0.320023864507675,70
738533.39650278538465499878,57.1561584472656,-3.97970080375671,13.9436063766479,0.0117647647857666,-0.00846103858202696,42.4867820739746,-71.4757080078125,670.838256835938,605.236145019531,-3.62302231788635,-2.05132341384888,119.705711364746,58.9668426513672,-4.94621706008911,1.09972262382507,-2.20169687271118,-0.323927968740463,70
738533.39650503452867269516,57.1725540161133,-3.80650281906128,13.8078880310059,0.0117647647857666,-0.00846103858202696,42.486759185791,-71.4755706787109,670.015075683594,604.978393554688,-2.94285798072815,-1.52290344238281,120.056854248047,58.9393615722656,-4.8219747543335,2.53949880599976,-2.20662903785706,-0.327907979488373,70
738533.39650730160064995289,57.1721458435059,-3.59118556976318,13.8177556991577,0.0117647647857666,-0.00846103858202696,42.4867324829102,-71.4754333496094,669.233215332031,604.765625,-3.6615104675293,-0.325891375541687,120.170249938965,58.9277648925781,-4.6897554397583,0.0336252339184284,-2.21117281913757,-0.331885546445847,70
738533.39650960650760680437,57.1540374755859,-3.62841486930847,13.8061971664429,0.0117647647857666,-0.00846103858202696,42.4867095947266,-71.4752960205078,668.442443847656,604.516052246094,-3.13903093338013,0.0169691313058138,120.137145996094,58.9097633361816,-4.54914236068726,-0.0411442182958126,-2.21537375450134,-0.335897207260132,70
738533.39651190000586211681,57.1245994567871,-3.34708023071289,13.7286987304688,0.0117647647857666,-0.00846103858202696,42.486686706543,-71.4751586914062,667.679809570312,603.742736816406,-2.58483552932739,-0.189875781536102,120.201354980469,58.8464088439941,-4.41834592819214,1.86314487457275,-2.21932792663574,-0.339856654405594,70
738533.39651419804431498051,57.1158218383789,-3.11001181602478,13.7071952819824,0.0117647647857666,-0.00846103858202696,42.4866600036621,-71.4750213623047,666.97314453125,603.025329589844,-3.23446035385132,-0.383413821458817,120.344009399414,58.8198623657227,-4.27695369720459,1.38026714324951,-2.22280931472778,-0.343805491924286,70
738533.39651668327860534191,57.1051177978516,-3.13071298599243,13.7178258895874,0.0117647647857666,-0.00846103858202696,42.4866333007812,-71.4748611450195,666.202209472656,602.242431640625,-2.71401596069336,-0.624474704265594,120.30493927002,58.813045501709,-4.10689783096313,-0.0292196106165648,-2.22608470916748,-0.348206222057343,70
738533.39651894278358668089,57.0742073059082,-2.91611385345459,13.6695394515991,0.0117647647857666,-0.00846103858202696,42.4866104125977,-71.4747314453125,665.550170898438,601.579956054688,-2.40721106529236,-0.884750425815582,120.079483032227,58.7607421875,-3.97005748748779,0.253046929836273,-2.22865796089172,-0.351941823959351,70
738533.39652122231200337410,57.0529747009277,-2.65746021270752,13.6268558502197,0.0117647647857666,-0.00846103858202696,42.4865875244141,-71.4745941162109,664.950744628906,600.97021484375,-3.30306148529053,-1.17820870876312,119.924949645996,58.7179298400879,-3.83028721809387,-0.264049410820007,-2.23082828521729,-0.355672955513,70
738533.39652345457579940557,57.0417633056641,-2.56880736351013,13.6242628097534,0.0117647647857666,-0.00846103858202696,42.4865646362305,-71.4744567871094,664.369689941406,600.378601074219,-3.21594023704529,-1.53122889995575,119.953727722168,58.7024879455566,-3.67662000656128,-1.9902081489563,-2.23251223564148,-0.359468340873718,70
738533.39652568229939788580,57.0353698730469,-2.38452768325806,13.5676774978638,0.0117647647857666,-0.00846103858202696,42.4865417480469,-71.4743270874023,663.829223632812,599.827819824219,-2.77567052841187,-2.23069405555725,120.015892028809,58.6753883361816,-3.52696490287781,-2.11773872375488,-2.23375368118286,-0.363126516342163,70
738533.39652798848692327738,57.0478401184082,-2.11859178543091,13.4034671783447,0.0117647647857666,-0.00846103858202696,42.4865188598633,-71.4741897583008,663.321899414062,599.31005859375,-3.37649774551392,-2.59054279327393,120.033668518066,58.6395568847656,-3.36810326576233,0.113557301461697,-2.23456263542175,-0.366878718137741,70
738533.39653030224144458771,57.0577735900879,-2.02102017402649,13.2517538070679,0.0117647647857666,-0.00846103858202696,42.4864959716797,-71.4740524291992,662.838012695312,598.815673828125,-3.33335161209106,-2.88198399543762,120.122001647949,58.6112861633301,-3.19631934165955,1.21374070644379,-2.23481678962708,-0.370680749416351,70
738533.39653254556469619274,57.0343208312988,-1.91682779788971,13.1352872848511,0.0117647647857666,-0.00846103858202696,42.4864730834961,-71.4739151000977,662.391540527344,598.359130859375,-2.33538699150085,-3.13624310493469,120.352630615234,58.558723449707,-3.03271532058716,0.882320821285248,-2.23464727401733,-0.374307781457901,70
738533.39653480390552431345,56.9807739257812,-1.72565352916718,13.0294027328491,0.0117647647857666,-0.00846103858202696,42.4864501953125,-71.4737777709961,661.958801269531,597.916137695312,-1.54438042640686,-3.33003044128418,120.664749145508,58.4769325256348,-2.86897993087769,-0.210317760705948,-2.23410129547119,-0.378044664859772,70
738533.39653704874217510223,56.9458465576172,-1.54190266132355,12.8978567123413,0.0117647647857666,-0.00846103858202696,42.4864273071289,-71.4736404418945,661.578002929688,597.525451660156,-1.68800282478333,-3.48160290718079,120.850158691406,58.4085731506348,-2.71011829376221,-0.281351774930954,-2.23313236236572,-0.381622761487961,70
738533.39653928973712027073,56.9302864074707,-1.51965892314911,12.7273807525635,0.0117647647857666,-0.00846103858202696,42.4864082336426,-71.4735107421875,661.219604492188,597.157287597656,-1.68498969078064,-3.66311001777649,120.782592773438,58.3554039001465,-2.55216574668884,1.03125023841858,-2.23174357414246,-0.385136395692825,70
738533.39654148567933589220,56.8911323547363,-1.49635648727417,12.5569629669189,0.0117647647857666,-0.00846103858202696,42.486385345459,-71.4733734130859,660.869750976562,596.798156738281,-1.07842743396759,-3.86445260047913,120.511085510254,58.2796440124512,-2.40937495231628,1.82749557495117,-2.23014044761658,-0.388539880514145,70
738533.39654375275131314993,56.8119926452637,-1.38104557991028,12.4210548400879,0.0117647647857666,-0.00846103858202696,42.4863662719727,-71.4732437133789,660.521606445312,596.440490722656,-0.625657200813293,-4.02458667755127,120.214363098145,58.1703758239746,-2.2803635597229,0.700857222080231,-2.22833824157715,-0.391991198062897,70
738533.39654599735513329506,56.7301330566406,-1.16895878314972,12.327657699585,0.0117647647857666,-0.00846103858202696,42.4863433837891,-71.4731063842773,660.214477539062,596.1240234375,-1.07475197315216,-4.11628103256226,120.039558410645,58.0658760070801,-2.16105985641479,-1.70959544181824,-2.2263035774231,-0.395346522331238,70
738533.39654819853603839874,56.6862869262695,-1.09747338294983,12.1728477478027,0.0117647647857666,-0.00846103858202696,42.4863243103027,-71.4729766845703,659.932678222656,595.8330078125,-1.17696118354797,-4.26219844818115,119.959251403809,57.9889450073242,-2.03828167915344,-1.3860080242157,-2.22387886047363,-0.39865106344223,70
738533.39655040611978620291,56.6449966430664,-1.07802176475525,11.9613075256348,0.0117647647857666,-0.00846103858202696,42.4863014221191,-71.4728393554688,659.658020019531,595.438232421875,-0.518722593784332,-4.47601413726807,119.839904785156,57.9041519165039,-1.91999232769012,0.479319423437119,-2.22119045257568,-0.401882380247116,70
738533.39655267610214650631,56.5835762023926,-0.899304509162903,11.764232635498,0.0117647647857666,-0.00846103858202696,42.4862823486328,-71.4727096557617,659.396362304688,594.855895996094,-0.443796366453171,-4.67759227752686,119.585525512695,57.8005828857422,-1.81060314178467,0.585510075092316,-2.21828746795654,-0.405091762542725,70
738533.39655496785417199135,56.5227432250977,-0.808889627456665,11.6729698181152,0.0117647647857666,-0.00846103858202696,42.4862632751465,-71.4725723266602,659.169250488281,594.304260253906,-1.44895195960999,-4.83094024658203,119.230613708496,57.7211685180664,-1.69830560684204,-2.6832230091095,-2.21501302719116,-0.40826827287674,70
738533.39655719208531081676,56.4798965454102,-0.878176212310791,11.5216188430786,0.0117647647857666,-0.00846103858202696,42.4862442016602,-71.4724349975586,658.931091308594,593.738647460938,-0.82898885011673,-5.07083749771118,118.882904052734,57.6497840881348,-1.58924794197083,-2.96957755088806,-2.21145439147949,-0.411403298377991,70
738533.39655947347637265921,56.4475212097168,-0.739460110664368,11.2729778289795,0.0117647647857666,-0.00846103858202696,42.4862251281738,-71.4723052978516,658.708679199219,593.196105957031,-0.592517256736755,-5.38495969772339,118.516906738281,57.5669136047363,-1.499067902565,-1.1478613615036,-2.20791363716125,-0.414385557174683,70
738533.39656172541435807943,56.4270820617676,-0.732272148132324,11.0924615859985,0.0117647647857666,-0.00846103858202696,42.4862060546875,-71.47216796875,658.504638671875,592.669738769531,-1.24566471576691,-5.69051837921143,118.001441955566,57.5116882324219,-1.41374969482422,-1.95541882514954,-2.20416045188904,-0.417316019535065,70
738533.39656394673511385918,56.3942832946777,-0.738955736160278,10.9152603149414,0.0117647647857666,-0.00846103858202696,42.4861869812012,-71.472038269043,658.288818359375,592.132507324219,-1.00231051445007,-6.00901746749878,117.395347595215,57.4456634521484,-1.34035682678223,-2.85254073143005,-2.20033812522888,-0.420152992010117,70
738533.39656627725344151258,56.3568000793457,-0.709595561027527,10.6494512557983,0.0117647647857666,-0.00846103858202696,42.4861679077148,-71.4719009399414,658.073852539062,591.579223632812,-1.13055050373077,-6.36334323883057,116.899627685547,57.3585510253906,-1.27716839313507,-1.76858997344971,-2.19628405570984,-0.423048883676529,70
738533.39656856749206781387,56.3203163146973,-0.652474224567413,10.3777637481689,0.0117647647857666,-0.00846103858202696,42.4861488342285,-71.4717636108398,657.876831054688,591.060363769531,-1.20464277267456,-6.64136123657227,116.691284179688,57.2721748352051,-1.22528767585754,-0.767626643180847,-2.1923565864563,-0.425700604915619,70
738533.39657075167633593082,56.2950325012207,-0.557554125785828,10.0985879898071,0.0117647647857666,-0.00846103858202696,42.4861335754395,-71.4716339111328,657.69384765625,590.669250488281,-1.48332738876343,-6.84831762313843,116.722122192383,57.1963539123535,-1.17576384544373,-0.108524836599827,-2.18827176094055,-0.428284764289856,70
738533.39657296729274094105,56.2912521362305,-0.487355619668961,9.8445873260498,0.0117647647857666,-0.00846103858202696,42.4861145019531,-71.4715042114258,657.532775878906,590.305908203125,-1.78684616088867,-6.99598264694214,116.862457275391,57.1476898193359,-1.12449026107788,-0.0917841270565987,-2.18410873413086,-0.430698156356812,70
738533.39657523448113352060,56.2943458557129,-0.565600097179413,9.63382720947266,0.0117647647857666,-0.00846103858202696,42.4860992431641,-71.4713668823242,657.370544433594,589.937927246094,-1.54462575912476,-7.09489297866821,116.93359375,57.1155319213867,-1.07024943828583,-0.937737762928009,-2.17970204353333,-0.433050572872162,70
738533.39657748653553426266,56.2521705627441,-0.740001797676086,9.48613739013672,0.0117647647857666,-0.00846103858202696,42.486083984375,-71.4712371826172,657.161010742188,589.517578125,0.0606315992772579,-6.8198037147522,116.708961486816,57.0512161254883,-1.03245997428894,-3.28778028488159,-2.17529296875,-0.435340940952301,70
738533.39657976455055177212,56.1819229125977,-0.63610851764679,9.23514556884766,0.0117647647857666,-0.00846103858202696,42.4860649108887,-71.4710998535156,656.962219238281,589.106872558594,-0.295427024364471,-6.03145170211792,116.24047088623,56.9394493103027,-1.01750731468201,-2.86278915405273,-2.171053647995,-0.437531530857086,70
738533.39658209052868187428,56.1186180114746,-0.788788795471191,8.99158668518066,0.0117647647857666,-0.00846103858202696,42.4860496520996,-71.4709625244141,656.751586914062,588.683532714844,-0.087667427957058,-5.21005010604858,115.87996673584,56.8398628234863,-1.00992500782013,-1.24758994579315,-2.16682195663452,-0.439616680145264,70
738533.39658442628569900990,56.0369033813477,-0.710042059421539,8.82363319396973,0.0117647647857666,-0.000376105308532715,42.4860343933105,-71.4708251953125,656.530822753906,588.249633789062,0.283484935760498,-4.30956840515137,115.656181335449,56.7317810058594,-1.01727747917175,-2.11815452575684,-2.1627459526062,-0.441589146852493,70
738533.39658672071527689695,55.9765510559082,-0.642292857170105,8.638916015625,0.0117647647857666,-0.000376105308532715,42.4860191345215,-71.4706878662109,656.33203125,587.8349609375,-0.877671122550964,-4.17198038101196,115.398460388184,56.642894744873,-1.02305221557617,-1.64974236488342,-2.15858435630798,-0.443472445011139,70
738533.39658897486515343189,55.940990447998,-0.686400711536407,8.43973255157471,0.0117647647857666,-0.000376105308532715,42.4860076904297,-71.4705581665039,656.1357421875,587.433349609375,-1.20434153079987,-4.26992130279541,115.163024902344,56.5782165527344,-1.02253472805023,-0.265701085329056,-2.15454506874084,-0.445149540901184,70
738533.39659117651171982288,55.8999214172363,-0.70805549621582,8.22861385345459,0.0117647647857666,-0.000376105308532715,42.4859924316406,-71.4704284667969,655.936645507812,587.028991699219,-1.12338042259216,-4.40198373794556,115.038688659668,56.5067481994629,-1.02275788784027,1.04480767250061,-2.15052366256714,-0.446719765663147,70
738533.39659335953183472157,55.8462448120117,-0.699971139431,8.02564716339111,0.0117647647857666,-0.000376105308532715,42.4859771728516,-71.4702987670898,655.737731933594,586.627197265625,-0.867258906364441,-4.54445457458496,115.090309143066,56.4243202209473,-1.02497136592865,1.67907106876373,-2.14657855033875,-0.44816979765892,70
738533.39659562683664262295,55.7863616943359,-0.614577114582062,7.84482192993164,0.0117647647857666,-0.000376105308532715,42.4859657287598,-71.4701614379883,655.545532226562,586.228942871094,-0.937598347663879,-4.66841697692871,115.319961547852,56.3385925292969,-1.02609348297119,1.0881382226944,-2.14256048202515,-0.449540972709656,70
738533.39659789449069648981,55.7449798583984,-0.491843223571777,7.68657112121582,0.0117647647857666,-0.000376105308532715,42.485954284668,-71.4700317382812,655.374084472656,585.850402832031,-1.49220025539398,-4.76209211349487,115.64070892334,56.2745780944824,-1.01732122898102,-0.224504709243774,-2.13838481903076,-0.450813293457031,70
738533.39660014468245208263,55.7321510314941,-0.423941642045975,7.51707983016968,0.0117647647857666,-0.000376105308532715,42.4859390258789,-71.4699020385742,655.221374511719,585.487609863281,-2.02699065208435,-4.84381628036499,115.922508239746,56.238410949707,-0.991915047168732,-0.796915829181671,-2.13390374183655,-0.451991528272629,70
738533.39660250500310212374,55.7239608764648,-0.481427282094955,7.31178140640259,0.0117647647857666,-0.000376105308532715,42.4859275817871,-71.4697647094727,655.061462402344,585.111877441406,-1.73048913478851,-4.92126798629761,116.064102172852,56.2036819458008,-0.955425024032593,0.0670169219374657,-2.12910723686218,-0.453092575073242,70
738533.39660479384474456310,55.6971473693848,-0.473492056131363,7.10819435119629,0.0117647647857666,-0.000376105308532715,42.4859161376953,-71.4696273803711,654.901489257812,585.048583984375,-1.37343394756317,-4.95047473907471,116.059272766113,56.1508903503418,-0.92435348033905,0.642448365688324,-2.1244797706604,-0.454046756029129,70
738533.39660705917049199343,55.6634902954102,-0.405001670122147,6.9529767036438,0.0117647647857666,-0.000376105308532715,42.4859008789062,-71.4694900512695,654.747131347656,585.309814453125,-1.73460638523102,-4.8878493309021,116.010437011719,56.0975227355957,-0.896033465862274,-0.768552184104919,-2.11967372894287,-0.454927384853363,70
738533.39660937048029154539,55.6434173583984,-0.442138910293579,6.84354496002197,0.0117647647857666,-0.000376105308532715,42.4858894348145,-71.4693603515625,654.596801757812,585.575378417969,-1.88423204421997,-4.76249122619629,115.979209899902,56.0644264221191,-0.866750061511993,-2.76150488853455,-2.11475729942322,-0.455699384212494,70
738533.39661159983370453119,55.6248321533203,-0.571462035179138,6.70094966888428,0.0117647647857666,-0.000376105308532715,42.4858779907227,-71.4692306518555,654.433654785156,585.806823730469,-1.03713428974152,-4.66514778137207,115.890174865723,56.029914855957,-0.846369445323944,-2.56219959259033,-2.11010956764221,-0.456334471702576,70
738533.39661385503131896257,55.5950660705566,-0.562734127044678,6.44265031814575,0.0117647647857666,-0.000376105308532715,42.4858703613281,-71.4690933227539,654.256408691406,586.029602050781,-0.647110104560852,-4.65868616104126,115.599998474121,55.9699554443359,-0.842248857021332,0.677320659160614,-2.10555267333984,-0.456887871026993,70
738533.39661595004145056009,55.5668640136719,-0.564525067806244,6.24137735366821,0.0117647647857666,-0.000376105308532715,42.4858589172363,-71.4689712524414,654.101135253906,586.046020507812,-1.55476248264313,-4.6587495803833,115.180351257324,55.9191360473633,-0.843465209007263,1.58408582210541,-2.10127115249634,-0.457321345806122,70
738533.39661826530937105417,55.5228042602539,-0.71138471364975,6.11334466934204,0.0117647647857666,-0.000376105308532715,42.4858474731445,-71.4688339233398,653.906188964844,586.021911621094,-1.14335095882416,-4.66618728637695,114.80541229248,55.8628768920898,-0.851386487483978,0.198210150003433,-2.09678149223328,-0.457689762115479,70
738533.39662046032026410103,55.4565505981445,-0.679456233978271,5.97546911239624,0.0117647647857666,-0.000376105308532715,42.48583984375,-71.4687118530273,653.707702636719,585.987670898438,-0.565403878688812,-4.70059394836426,114.674911499023,55.7816886901855,-0.873847723007202,-0.842353761196136,-2.09265995025635,-0.457951158285141,70
738533.39662267221137881279,55.409294128418,-0.550007939338684,5.78847551345825,0.0117647647857666,-0.000376105308532715,42.4858283996582,-71.4685821533203,653.531982421875,585.972839355469,-1.15395486354828,-4.77163505554199,114.736297607422,55.7135429382324,-0.896596848964691,-0.519574344158173,-2.08864307403564,-0.45812326669693,70
738533.39662478375248610973,55.4011573791504,-0.617083787918091,5.61626625061035,0.0117647647857666,-0.000376105308532715,42.4858207702637,-71.4684524536133,653.359680175781,585.9619140625,-1.70044684410095,-4.84508657455444,114.797866821289,55.6885223388672,-0.908204436302185,-0.34317547082901,-2.08447480201721,-0.458211362361908,70
738533.39662702649366110563,55.3855285644531,-0.772576689720154,5.49288654327393,0.0117647647857666,-0.000376105308532715,42.4858093261719,-71.4683227539062,653.162963867188,585.926574707031,-1.22262609004974,-4.89376449584961,114.701873779297,55.6626052856445,-0.919689655303955,-1.48658418655396,-2.08032274246216,-0.458211034536362,70
738533.39662927028257399797,55.3350296020508,-0.860331296920776,5.39396142959595,0.0117647647857666,-0.000376105308532715,42.4858016967773,-71.4681930541992,652.939392089844,585.865051269531,-0.500290811061859,-4.90907621383667,114.468780517578,55.6039619445801,-0.944773972034454,-3.43263030052185,-2.07636666297913,-0.458117842674255,70
738533.39663148112595081329,55.2693023681641,-0.824631154537201,5.25847959518433,0.0117647647857666,-0.000376105308532715,42.4857940673828,-71.4680633544922,652.710632324219,585.799438476562,-0.691117644309998,-4.91486978530884,114.24169921875,55.525016784668,-0.981695592403412,-4.36592435836792,-2.07258462905884,-0.457931965589523,70
738533.39663374621886759996,55.2283172607422,-0.803463041782379,5.06253051757812,0.0117647647857666,-0.000376105308532715,42.4857864379883,-71.4679336547852,652.4931640625,585.66162109375,-1.42358613014221,-4.93799304962158,114.141479492188,55.4656791687012,-1.0164669752121,-3.2506422996521,-2.06890964508057,-0.457670599222183,70
738533.39663595345336943865,55.209831237793,-0.945964872837067,4.83545970916748,0.0117647647857666,-0.000376105308532715,42.4857788085938,-71.4678039550781,652.261840820312,585.441955566406,-1.34580266475677,-4.981529712677,114.124221801758,55.4292526245117,-1.04697513580322,-0.985437631607056,-2.06523704528809,-0.457321375608444,70
738533.39663815847598016262,55.1840362548828,-1.04692137241364,4.65485239028931,0.0117647647857666,-0.000376105308532715,42.4857711791992,-71.4676742553711,652.000915527344,585.192077636719,-0.755546391010284,-4.9784107208252,113.993049621582,55.3899040222168,-1.08586227893829,-0.68683385848999,-2.06175017356873,-0.456884980201721,70
738533.39664057805202901363,55.1492691040039,-1.08624053001404,4.49522018432617,0.0117647647857666,-0.000376105308532715,42.4857597351074,-71.4675369262695,651.707580566406,584.910034179688,-1.30512583255768,-4.91473197937012,113.628074645996,55.342830657959,-1.1387791633606,-1.71372938156128,-2.05822968482971,-0.45630744099617,70
738533.39664277527481317520,55.1259078979492,-1.26122140884399,4.30026578903198,0.0117647647857666,-0.000376105308532715,42.4857559204102,-71.4674072265625,651.41796875,584.630065917969,-1.60069167613983,-4.87474012374878,113.254699707031,55.3077621459961,-1.19242489337921,-0.444052189588547,-2.05521488189697,-0.455689013004303,70
738533.39664503489620983601,55.0882263183594,-1.42350602149963,4.06789970397949,0.0117647647857666,-0.000376105308532715,42.4857482910156,-71.4672775268555,651.084350585938,584.305480957031,-0.856267333030701,-4.86191749572754,113.009895324707,55.2565536499023,-1.26208317279816,1.69838404655457,-2.05248522758484,-0.45495542883873,70
738533.39664732222445309162,55.0408058166504,-1.47389733791351,3.89936852455139,0.0117647647857666,-0.000376105308532715,42.4857406616211,-71.4671401977539,650.737182617188,583.966430664062,-0.613953053951263,-4.57994508743286,112.887046813965,55.1984405517578,-1.3455011844635,1.24491763114929,-2.05016136169434,-0.454129189252853,70
738533.39664952212478965521,55.0050506591797,-1.55104529857635,3.78431272506714,0.0117647647857666,-0.000376105308532715,42.4857368469238,-71.4670104980469,650.380065917969,583.663818359375,-0.946024179458618,-4.02154493331909,112.75666809082,55.1568908691406,-1.43243563175201,-0.228981122374535,-2.04813170433044,-0.453215897083282,70
738533.39665166649501770735,54.9897041320801,-1.64699351787567,3.70300340652466,0.0117647647857666,-0.000376105308532715,42.4857292175293,-71.4668884277344,650.02587890625,583.508972167969,-1.43643403053284,-3.25472402572632,112.542976379395,55.1388473510742,-1.51578843593597,-1.58976304531097,-2.04642677307129,-0.452263295650482,70
738533.39665391633752733469,54.9825210571289,-1.81296098232269,3.62763524055481,0.0117647647857666,-0.000376105308532715,42.485725402832,-71.4667663574219,649.635192871094,583.323791503906,-1.61736059188843,-2.16471290588379,112.216705322266,55.1318778991699,-1.60430908203125,-2.00092673301697,-2.04492712020874,-0.451185345649719,70
738533.39665622659958899021,54.9593849182129,-2.0219361782074,3.53758883476257,0.0117647647857666,-0.000376105308532715,42.4857177734375,-71.4666290283203,649.177001953125,583.085388183594,-1.20357596874237,-1.02594077587128,111.821853637695,55.110221862793,-1.70952713489532,-0.92632257938385,-2.0437331199646,-0.449936956167221,70
738533.39665846759453415871,54.9129028320312,-2.13609433174133,3.44996523857117,0.0117647647857666,-0.000376105308532715,42.4857139587402,-71.4664993286133,648.709350585938,582.826049804688,-0.856740951538086,0.0207311157137156,111.531700134277,55.0626220703125,-1.82326018810272,0.894768238067627,-2.04307913780212,-0.448676288127899,70
738533.39666061627212911844,54.873161315918,-2.11208343505859,3.43127584457397,0.0117647647857666,-0.000376105308532715,42.4857063293457,-71.4663696289062,648.252807617188,582.572021484375,-1.52647650241852,0.917531609535217,111.440376281738,55.0208892822266,-1.93736255168915,1.04655849933624,-2.04277849197388,-0.447381138801575,70
738533.39666282699909061193,54.8567924499512,-2.35625743865967,3.49567604064941,0.0117647647857666,-0.000376105308532715,42.4857025146484,-71.4662475585938,647.756469726562,582.284729003906,-1.53593504428864,1.02199745178223,111.461570739746,55.0185356140137,-2.04848980903625,-0.766340374946594,-2.0426824092865,-0.445967167615891,70
738533.39666496962308883667,54.828498840332,-2.47305607795715,3.50447559356689,0.0117647647857666,-0.000376105308532715,42.4856948852539,-71.4661178588867,647.243835449219,581.972045898438,-0.897455871105194,1.01044154167175,111.417510986328,54.9960136413574,-2.16111969947815,-0.244540959596634,-2.04298329353333,-0.444568246603012,70
738533.39666711899917572737,54.7889137268066,-2.46130990982056,3.46905708312988,0.0117647647857666,-0.000376105308532715,42.4856910705566,-71.4659957885742,646.726623535156,581.654663085938,-1.49207770824432,0.948305249214172,111.328254699707,54.9537773132324,-2.27633476257324,1.35514855384827,-2.04361987113953,-0.443128287792206,70
738533.39666937699075788260,54.7604904174805,-2.57506370544434,3.48908615112305,0.0117647647857666,-0.000376105308532715,42.4856872558594,-71.4658737182617,646.192565917969,581.323303222656,-2.0362560749054,0.895783662796021,111.362808227539,54.9319229125977,-2.38426685333252,0.708596169948578,-2.0444483757019,-0.441628247499466,70
738533.39667152985930442810,54.7311210632324,-2.66124272346497,3.56502079963684,0.0117647647857666,-0.000376105308532715,42.4856796264648,-71.4657440185547,645.626220703125,580.963317871094,-1.65396094322205,0.858059883117676,111.589019775391,54.9116325378418,-2.48906254768372,-1.41192364692688,-2.04553508758545,-0.44005623459816,70
738533.39667372975964099169,54.7049407958984,-2.68482947349548,3.62010264396667,0.0117647647857666,-0.000376105308532715,42.4856758117676,-71.4656219482422,645.062072753906,580.601440429688,-1.55304872989655,0.805890798568726,111.864944458008,54.8902931213379,-2.58720350265503,-2.52069568634033,-2.04683446884155,-0.438489943742752,70
738533.39667591697070747614,54.7000846862793,-2.67203712463379,3.61794662475586,0.0117647647857666,-0.000376105308532715,42.485668182373,-71.4654922485352,644.495422363281,580.238159179688,-2.27224016189575,0.723760306835175,112.052848815918,54.8846855163574,-2.67579054832458,-1.83372342586517,-2.04827833175659,-0.436901897192001,70
738533.39667813968844711781,54.7259140014648,-2.73315072059631,3.57309317588806,0.0117647647857666,-0.000376105308532715,42.4856643676758,-71.4653625488281,643.908386230469,579.860412597656,-3.22960162162781,0.619516611099243,112.09122467041,54.9104995727539,-2.75252723693848,-0.185248151421547,-2.04983019828796,-0.435259968042374,70
738533.39668034121859818697,54.7559700012207,-2.87760615348816,3.54515671730042,0.0117647647857666,-0.000376105308532715,42.4856567382812,-71.4652404785156,643.313415527344,579.469787597656,-3.36854791641235,0.527424275875092,112.038078308105,54.9460182189941,-2.82016611099243,0.558241128921509,-2.05147910118103,-0.433656990528107,70
738533.39668257231824100018,54.7628936767578,-3.01225829124451,3.55726146697998,0.0117647647857666,-0.000376105308532715,42.485652923584,-71.4651107788086,642.674011230469,579.039123535156,-2.73306822776794,0.48521763086319,112.019340515137,54.9609184265137,-2.89427089691162,0.0177341755479574,-2.0534553527832,-0.432015389204025,70
738533.39668481354601681232,54.7803726196289,-2.88263058662415,3.5535261631012,0.0117647647857666,-0.000376105308532715,42.4856452941895,-71.4649810791016,642.046691894531,578.619079589844,-3.24061059951782,0.477731585502625,112.126052856445,54.9711380004883,-2.97131967544556,0.140277802944183,-2.05568218231201,-0.430373877286911,70
738533.39668699621688574553,54.8206176757812,-3.09623432159424,3.4491810798645,0.0117647647857666,-0.000376105308532715,42.4856414794922,-71.4648513793945,641.408020019531,578.187683105469,-3.45268821716309,0.421969562768936,112.235076904297,55.0162124633789,-3.03700542449951,3.35288214683533,-2.05795669555664,-0.428721725940704,70
738533.39668915001675486565,54.8439788818359,-3.23333549499512,3.41384339332581,0.0117647647857666,-0.000376105308532715,42.4856338500977,-71.464729309082,640.753845214844,577.574279785156,-2.84244990348816,0.400424033403397,112.228218078613,55.0451698303223,-3.10581064224243,3.98355436325073,-2.06042742729187,-0.427116602659225,70
738533.39669133001007139683,54.848331451416,-3.21728587150574,3.47801995277405,0.0117647647857666,-0.000376105308532715,42.4856300354004,-71.464599609375,640.08984375,576.87548828125,-3.17310810089111,0.467926204204559,112.185760498047,55.0525817871094,-3.18241143226624,1.43945217132568,-2.06320691108704,-0.425492405891418,70
738533.39669349847827106714,54.8712768554688,-3.24881219863892,3.53192234039307,0.0117647647857666,-0.000376105308532715,42.4856262207031,-71.4644775390625,639.420104980469,576.170593261719,-3.84633874893188,0.555428683757782,112.258193969727,55.0807228088379,-3.25582599639893,-0.168337792158127,-2.06615447998047,-0.423842161893845,70
738533.39669579663313925266,54.9160003662109,-3.3455855846405,3.49961233139038,0.0117647647857666,-0.000376105308532715,42.4856185913086,-71.4643478393555,638.708740234375,575.422485351562,-3.87186145782471,0.539990246295929,112.470008850098,55.1290054321289,-3.32618451118469,1.33087813854218,-2.06935882568359,-0.422096461057663,70
738533.39669804961886256933,54.9662322998047,-3.40316605567932,3.47712779045105,0.0117647647857666,-0.000376105308532715,42.4856147766113,-71.4642181396484,637.98828125,574.665771484375,-3.65526294708252,0.210036903619766,112.646987915039,55.1811408996582,-3.39464640617371,2.11923599243164,-2.0727174282074,-0.420369327068329,70
738533.39670015953015536070,55.0224761962891,-3.42063140869141,3.5163893699646,0.0117647647857666,-0.000376105308532715,42.4856071472168,-71.4640884399414,637.300659179688,573.943725585938,-4.23477268218994,0.124134041368961,112.652359008789,55.2407341003418,-3.45788168907166,0.504061937332153,-2.07606530189514,-0.41873100399971,70
738533.39670237712562084198,55.0875434875488,-3.56355810165405,3.58527326583862,0.0117647647857666,-0.000376105308532715,42.4856033325195,-71.4639663696289,636.571655273438,573.178833007812,-4.73484468460083,0.244888469576836,112.510681152344,55.3189888000488,-3.52014112472534,-1.7268226146698,-2.07967329025269,-0.417023479938507,70
738533.39670461532659828663,55.1415939331055,-3.74566888809204,3.60809206962585,0.0117647647857666,-0.000376105308532715,42.485595703125,-71.4638290405273,635.792663574219,572.363098144531,-4.15465641021729,0.352996617555618,112.354995727539,55.3863143920898,-3.59040594100952,-1.89997243881226,-2.08363938331604,-0.415268033742905,70
738533.39670672477222979069,55.1830215454102,-3.74893999099731,3.55759119987488,0.0117647647857666,-0.000376105308532715,42.4855918884277,-71.4637069702148,635.038024902344,571.57373046875,-3.71301603317261,0.341845124959946,112.301712036133,55.4245147705078,-3.66816401481628,0.24183788895607,-2.08774304389954,-0.413613080978394,70
738533.39670895296148955822,55.2449569702148,-3.7160005569458,3.52727699279785,0.0117647647857666,-0.000376105308532715,42.4855842590332,-71.4635848999023,634.277709960938,570.778015136719,-4.41543579101562,0.00830904021859169,112.331100463867,55.4820289611816,-3.74568247795105,1.0279552936554,-2.09209632873535,-0.411921828985214,70
738533.39671117672696709633,55.3161888122559,-3.90639305114746,3.56673741340637,0.0117647647857666,-0.000376105308532715,42.4855804443359,-71.4634552001953,633.478881835938,569.942687988281,-4.61547470092773,0.0518584027886391,112.320373535156,55.5685386657715,-3.81672310829163,-0.647284209728241,-2.09666037559509,-0.410174787044525,70
738533.39671342866495251656,55.367546081543,-4.04595708847046,3.59004902839661,0.0117647647857666,-0.000376105308532715,42.4855728149414,-71.4633178710938,632.631713867188,569.058532714844,-3.9039740562439,0.13231036067009,112.226440429688,55.6311378479004,-3.89526176452637,-1.28581166267395,-2.10159540176392,-0.408414274454117,70
738533.39671561238355934620,55.4054107666016,-4.00680828094482,3.55360078811646,0.0117647647857666,-0.000376105308532715,42.4855690002441,-71.4631958007812,631.819091796875,568.210571289062,-4.03843355178833,0.158340394496918,112.192993164062,55.6636505126953,-3.97688865661621,-0.035591833293438,-2.10660839080811,-0.406736940145493,70
738533.39671789598651230335,55.4571876525879,-4.03104209899902,3.52996039390564,0.0117647647857666,-0.000376105308532715,42.4855613708496,-71.4630584716797,630.965759277344,567.320007324219,-4.53483629226685,0.151314541697502,112.354469299316,55.7154350280762,-4.05539083480835,0.391159981489182,-2.11201691627502,-0.404956191778183,70
738533.39672010228969156742,55.5112953186035,-4.06169748306274,3.55261588096619,0.0117647647857666,-0.000376105308532715,42.4855575561523,-71.4629364013672,630.135681152344,566.453918457031,-4.42646980285645,-0.319259107112885,112.673828125,55.7729530334473,-4.12139081954956,-0.770687580108643,-2.11731362342834,-0.403239399194717,70
738533.39672236493788659573,55.560733795166,-4.09785509109497,3.58584690093994,0.0117647647857666,-0.000376105308532715,42.4855537414551,-71.4627990722656,629.260803222656,565.541320800781,-4.0332465171814,-0.326990932226181,113.05606842041,55.8269271850586,-4.18243169784546,-2.37152552604675,-2.12294626235962,-0.40143558382988,70
738533.39672453992534428835,55.6033058166504,-4.09907627105713,3.60019826889038,0.0117647647857666,-0.000376105308532715,42.4855461120605,-71.4626693725586,628.426391601562,564.671020507812,-3.90222263336182,-0.344193011522293,113.3515625,55.8703079223633,-4.23401641845703,-3.15829825401306,-2.12838673591614,-0.39972060918808,70
738533.39672679407522082329,55.6565361022949,-4.05562925338745,3.5653669834137,0.0117647647857666,-0.000376105308532715,42.4855422973633,-71.4625396728516,627.5751953125,563.782958984375,-4.43350696563721,-0.393227934837341,113.55207824707,55.9178886413574,-4.27823829650879,-2.4828839302063,-2.1340069770813,-0.397958904504776,70
738533.39672902948223054409,55.7246513366699,-4.04759931564331,3.4834086894989,0.0117647647857666,-0.000376105308532715,42.4855346679688,-71.4624099731445,626.733642578125,562.904663085938,-5.10103893280029,-0.482885807752609,113.714370727539,55.9799423217773,-4.30965518951416,-0.689935564994812,-2.13956904411316,-0.396202981472015,70
738533.39673119422513991594,55.7746734619141,-4.19043254852295,3.42312812805176,0.0117647647857666,-0.000376105308532715,42.4855308532715,-71.4622802734375,625.8984375,562.033813476562,-4.48029756546021,-0.588437378406525,113.932472229004,56.0365219116211,-4.33348608016968,0.131289228796959,-2.14498734474182,-0.39449217915535,70
738533.39673338958527892828,55.8194808959961,-4.10397100448608,3.42986917495728,0.0117647647857666,-0.000376105308532715,42.485523223877,-71.4621505737305,625.031982421875,561.130493164062,-3.8528835773468,-0.646668553352356,114.213935852051,56.075138092041,-4.36226749420166,-1.35567402839661,-2.15073251724243,-0.392709791660309,70
738533.39673562871757894754,55.8792114257812,-4.06547594070435,3.39937949180603,0.0117647647857666,-0.000376105308532715,42.4855194091797,-71.4620208740234,624.192504882812,560.25439453125,-4.40868473052979,-0.702573478221893,114.402702331543,56.129940032959,-4.3826789855957,-1.48872661590576,-2.15639162063599,-0.390930265188217,70
738533.39673779462464153767,55.9275932312012,-4.22110795974731,3.29865097999573,0.0117647647857666,-0.000376105308532715,42.4855155944824,-71.4618911743164,623.344909667969,559.370666503906,-4.14808177947998,-0.813399493694305,114.4375,56.1835823059082,-4.39599704742432,0.634242534637451,-2.1619610786438,-0.38914766907692,70
738533.39673999685328453779,55.9499588012695,-4.21864080429077,3.22770357131958,0.0117647647857666,-0.000376105308532715,42.4855079650879,-71.4617691040039,622.483337402344,558.473083496094,-3.52410936355591,-0.926626324653625,114.440887451172,56.2015380859375,-4.4171929359436,1.27793788909912,-2.16768574714661,-0.387349158525467,70
738533.39674209721852093935,55.9875144958496,-4.02718496322632,3.19388294219971,0.0117647647857666,-0.000376105308532715,42.4855041503906,-71.4616394042969,621.664611816406,557.619079589844,-4.23121500015259,-0.98304283618927,114.537124633789,56.222957611084,-4.43728256225586,0.468844920396805,-2.17333388328552,-0.385575532913208,70
738533.39674424869008362293,56.0606803894043,-3.98892664909363,3.14502739906311,0.0117647647857666,-0.000376105308532715,42.4855003356934,-71.4615173339844,620.891723632812,556.81201171875,-5.20285034179688,-0.989996373653412,114.657859802246,56.290340423584,-4.43999624252319,0.443697065114975,-2.17861604690552,-0.383834719657898,70
738533.39674655650742352009,56.1499633789062,-4.10331010818481,3.08320641517639,0.0117647647857666,-0.000376105308532715,42.4854927062988,-71.4613800048828,620.010559082031,555.892272949219,-5.08768653869629,-0.969283699989319,114.721031188965,56.3840560913086,-4.43029928207397,0.990973711013794,-2.18441557884216,-0.381830483675003,70
738533.39674881694372743368,56.2127723693848,-4.21045827865601,3.02883839607239,0.0117647647857666,-0.000376105308532715,42.4854888916016,-71.4612503051758,619.1376953125,554.982299804688,-4.26062107086182,-0.947277903556824,114.651092529297,56.4515495300293,-4.42736721038818,1.42971479892731,-2.19009637832642,-0.379876554012299,70
738533.39675105735659599304,56.2508316040039,-4.21748542785645,3.00870227813721,0.0117647647857666,-0.000376105308532715,42.4854850769043,-71.4611129760742,618.237731933594,554.044494628906,-3.99662637710571,-0.917556345462799,114.517799377441,56.4888954162598,-4.43811750411987,0.588303983211517,-2.19609069824219,-0.377850294113159,70
738533.39675322268158197403,56.2865295410156,-4.16463851928711,3.01251459121704,0.0117647647857666,-0.000376105308532715,42.485481262207,-71.4609832763672,617.395935058594,553.166625976562,-4.3105206489563,-0.878203451633453,114.489952087402,56.5207290649414,-4.45363140106201,-0.793771982192993,-2.20183038711548,-0.375921070575714,70
738533.39675545284990221262,56.3361320495605,-4.14746236801147,3.00607061386108,0.0117647647857666,-0.000376105308532715,42.4854774475098,-71.4608535766602,616.526550292969,552.220764160156,-4.5588493347168,-0.82343327999115,114.606109619141,56.5685195922852,-4.46599197387695,-1.54911851882935,-2.20778965950012,-0.373879462480545,70
738533.39675757195800542831,56.3827590942383,-4.15802145004272,2.98687314987183,0.0117647647857666,-0.000376105308532715,42.4854698181152,-71.4607238769531,615.689697265625,551.31005859375,-4.31715679168701,-0.783571183681488,114.809700012207,56.6147155761719,-4.4731240272522,-1.62100553512573,-2.21349024772644,-0.371886700391769,70
738533.39675975358113646507,56.4186630249023,-4.16894388198853,2.94084453582764,0.0117647647857666,-0.000376105308532715,42.485466003418,-71.4605941772461,614.847045898438,550.393310546875,-3.83342981338501,-0.781257212162018,115.033760070801,56.648868560791,-4.47838163375854,-0.83822238445282,-2.21921229362488,-0.36985370516777,70
738533.39676198083907365799,56.4491004943848,-4.14869737625122,2.86844158172607,0.0117647647857666,-0.000376105308532715,42.4854621887207,-71.4604644775391,613.991638183594,549.462585449219,-3.61069440841675,-0.826683759689331,115.211524963379,56.6739845275879,-4.48298835754395,0.478466302156448,-2.22504210472107,-0.367767006158829,70
738533.39676414628047496080,56.4873199462891,-4.10519790649414,2.79424095153809,0.0117647647857666,-0.000376105308532715,42.4854583740234,-71.460334777832,613.155029296875,548.5517578125,-3.89434003829956,-0.901719510555267,115.285972595215,56.7051849365234,-4.48470973968506,1.44453525543213,-2.23076415061951,-0.365690231323242,70
738533.39676628925371915102,56.5325202941895,-4.1175012588501,2.74903059005737,0.0117647647857666,-0.000376105308532715,42.4854545593262,-71.460205078125,612.324340820312,547.646667480469,-4.27221250534058,-0.983074724674225,115.26203918457,56.748893737793,-4.48105144500732,1.25301396846771,-2.23641991615295,-0.363589823246002,70
738533.39676848414819687605,56.5613632202148,-4.16232824325562,2.7257661819458,0.0117647647857666,-0.000376105308532715,42.4854507446289,-71.460075378418,611.482360839844,546.74658203125,-3.85307335853577,-1.0522438287735,115.235130310059,56.7797698974609,-4.47696018218994,0.526818037033081,-2.24208211898804,-0.36145681142807,70
738533.39677107590250670910,56.5809783935547,-4.05895376205444,2.66223931312561,0.0117647647857666,-0.000376105308532715,42.4854469299316,-71.4599380493164,610.575134277344,545.814880371094,-3.62954616546631,-1.13630557060242,115.325981140137,56.788818359375,-4.47548961639404,0.969833791255951,-2.24827098846436,-0.359096765518188,70
738533.39677329594269394875,56.62890625,-3.92050457000732,2.55040550231934,0.0117647647857666,-0.000376105308532715,42.4854393005371,-71.4597854614258,609.628845214844,544.842102050781,-4.32614374160767,-1.24820733070374,115.567237854004,56.821720123291,-4.4622802734375,2.414306640625,-2.25476765632629,-0.356516897678375,70
738533.39677554660011082888,56.6888618469238,-3.96085143089294,2.49182844161987,0.0117647647857666,-0.000376105308532715,42.4854354858398,-71.4596557617188,608.803955078125,543.993774414062,-4.39378547668457,-1.32050025463104,115.750953674316,56.8816719055176,-4.43607950210571,2.30141282081604,-2.26024293899536,-0.354230314493179,70
738533.39677782694343477488,56.7283477783203,-3.98843097686768,2.50611615180969,0.0117647647857666,-0.000376105308532715,42.4854316711426,-71.4595184326172,607.950134277344,543.116149902344,-3.77263975143433,-1.32664978504181,115.774375915527,56.9235763549805,-4.40979814529419,0.0348260663449764,-2.26578378677368,-0.35184770822525,70
738533.39678007853217422962,56.7608108520508,-3.83717775344849,2.49008345603943,0.0117647647857666,-0.000376105308532715,42.4854278564453,-71.4593811035156,607.130432128906,542.27294921875,-4.20019626617432,-1.32411170005798,115.722869873047,56.9448318481445,-4.38648366928101,-1.00071632862091,-2.27119946479797,-0.349480360746384,70
738533.39678235666360706091,56.8031120300293,-3.8358998298645,2.40600943565369,0.0117647647857666,-0.000376105308532715,42.485424041748,-71.4592437744141,606.310852050781,541.429443359375,-4.41907072067261,-1.37938809394836,115.795906066895,56.9832992553711,-4.35367584228516,0.207806020975113,-2.27651739120483,-0.347034305334091,70
738533.39678469451609998941,56.8435020446777,-3.80077433586121,2.35113883018494,0.0117647647857666,-0.000376105308532715,42.4854202270508,-71.4591064453125,605.467407226562,540.561279296875,-3.73673701286316,-1.44150018692017,115.990837097168,57.0189208984375,-4.31770610809326,0.15920352935791,-2.28186273574829,-0.344480276107788,70
738533.39678704552352428436,56.8853569030762,-3.65696310997009,2.34402012825012,0.0117647647857666,-0.000376105308532715,42.4854164123535,-71.4589691162109,604.662475585938,539.731994628906,-4.00736093521118,-1.45322120189667,116.108207702637,57.0509567260742,-4.27995681762695,-1.48638808727264,-2.28697085380554,-0.341951221227646,70
738533.39678936358541250229,56.9388313293457,-3.67915749549866,2.27545523643494,0.0117647647857666,-0.000376105308532715,42.4854125976562,-71.4588241577148,603.851806640625,538.896301269531,-4.51049947738647,-1.47377645969391,116.095558166504,57.1029281616211,-4.23055744171143,-0.844485998153687,-2.29194974899292,-0.339317888021469,70
738533.39679157163482159376,56.9777717590332,-3.69079065322876,2.17637205123901,0.0117647647857666,-0.000376105308532715,42.4854125976562,-71.4586944580078,603.075256347656,538.096008300781,-4.04193544387817,-1.51193463802338,116.06566619873,57.1386451721191,-4.18520784378052,0.689158856868744,-2.29656410217285,-0.336803436279297,70
738533.39679373486433178186,56.9908866882324,-3.67123246192932,2.0935230255127,0.0117647647857666,-0.000376105308532715,42.485408782959,-71.4585647583008,602.324768066406,537.322448730469,-3.43990302085876,-1.53604471683502,116.122711181641,57.1473693847656,-4.14871501922607,1.43207228183746,-2.30101943016052,-0.334338784217834,70
738533.39679602230899035931,56.9927368164062,-3.57941961288452,2.04607605934143,0.0117647647857666,-0.000376105308532715,42.4854049682617,-71.4584274291992,601.553161621094,536.526733398438,-3.2350857257843,-1.51570892333984,116.304008483887,57.141674041748,-4.11509037017822,0.78107738494873,-2.30562520027161,-0.331712931394577,70
738533.39679842430632561445,57.0072441101074,-3.46911954879761,2.04053473472595,0.0117647647857666,-0.000376105308532715,42.4854011535645,-71.4582901000977,600.797424316406,535.746643066406,-3.61324620246887,-1.43578124046326,116.543800354004,57.1491432189941,-4.07712650299072,-0.977680563926697,-2.31009864807129,-0.329022943973541,70
738533.39680104691069573164,57.04541015625,-3.48115921020508,2.01839804649353,0.0117647647857666,-0.000376105308532715,42.4853973388672,-71.458122253418,599.8759765625,534.794982910156,-3.67950940132141,-1.31154870986938,116.734443664551,57.1871566772461,-4.0191798210144,-1.80355870723724,-2.31532454490662,-0.325604289770126,70
738533.39680320292245596647,57.0585060119629,-3.51236343383789,1.92448973655701,0.0117647647857666,-0.000376105308532715,42.4853935241699,-71.4579925537109,599.134643554688,534.029663085938,-3.07796835899353,-1.27694857120514,116.715042114258,57.1988945007324,-3.97750520706177,0.105969108641148,-2.31939888000488,-0.322919517755508,70
738533.39680542401038110256,57.0564193725586,-3.40174913406372,1.83506572246552,0.0117647647857666,-0.000376105308532715,42.4853935241699,-71.4578552246094,598.397399902344,533.268127441406,-3.12919616699219,-1.26312148571014,116.635528564453,57.1871871948242,-3.94283819198608,1.24917006492615,-2.32349824905396,-0.320163607597351,70
738533.39680766034871339798,57.0654487609863,-3.31293797492981,1.80883455276489,0.0117647647857666,-0.000376105308532715,42.4853897094727,-71.4577255249023,597.700317382812,532.547302246094,-3.64792537689209,-1.21477162837982,116.640632629395,57.1901473999023,-3.90553164482117,0.260617882013321,-2.32733917236328,-0.317433416843414,70
738533.39680993999354541302,57.0825653076172,-3.32468438148499,1.8083678483963,0.0117647647857666,-0.000376105308532715,42.4853858947754,-71.4575805664062,596.967834472656,531.789733886719,-3.38957023620605,-1.13529706001282,116.737487792969,57.207893371582,-3.85999584197998,-1.07726097106934,-2.33120250701904,-0.314495086669922,70
738533.39681214408483356237,57.0949668884277,-3.29743242263794,1.76327729225159,0.0117647647857666,-0.000376105308532715,42.4853858947754,-71.4574508666992,596.277893066406,531.076049804688,-2.90851879119873,-1.07918107509613,116.777938842773,57.2172813415527,-3.81921291351318,-0.58910346031189,-2.33475804328918,-0.311700046062469,70
738533.39681439974810928106,57.108829498291,-3.23944211006165,1.69534289836884,0.0117647647857666,-0.000376105308532715,42.4853820800781,-71.4573135375977,595.574768066406,530.348327636719,-3.17484045028687,-1.03465580940247,116.65104675293,57.2257499694824,-3.77935266494751,0.35136479139328,-2.3383514881134,-0.308767318725586,70
738533.39681666414253413677,57.1202697753906,-3.2863450050354,1.67822420597076,0.0117647647857666,-0.000376105308532715,42.4853782653809,-71.4571838378906,594.880249023438,529.629333496094,-3.47839975357056,-0.966621577739716,116.426383972168,57.2393341064453,-3.74043083190918,-0.411153256893158,-2.34180665016174,-0.30583056807518,70
738533.39681892911903560162,57.1101188659668,-3.33970379829407,1.70149314403534,0.0117647647857666,-0.000376105308532715,42.4853782653809,-71.4570465087891,594.159729003906,528.884033203125,-2.79926037788391,-0.882937788963318,116.281814575195,57.232982635498,-3.7104275226593,-2.06974697113037,-2.34534621238708,-0.302820146083832,70
738533.39682117139454931021,57.0874977111816,-3.23082089424133,1.69293189048767,0.0117647647857666,-0.000376105308532715,42.4853744506836,-71.4569091796875,593.462341308594,528.162353515625,-2.4119336605072,-0.840334951877594,116.296966552734,57.2039031982422,-3.69167733192444,-2.42443156242371,-2.34887766838074,-0.299850136041641,70
738533.39682338980492204428,57.0802459716797,-3.10043621063232,1.61986994743347,0.0117647647857666,-0.000376105308532715,42.4853744506836,-71.4567794799805,592.796203613281,527.472045898438,-2.88312435150146,-0.868790328502655,116.390350341797,57.1873359680176,-3.66888236999512,-0.930886089801788,-2.35225200653076,-0.296878308057785,70
738533.39682564686518162489,57.087574005127,-3.16484332084656,1.53805708885193,0.0117647647857666,-0.000376105308532715,42.4853706359863,-71.4566421508789,592.115478515625,526.766296386719,-2.95889568328857,-0.9248206615448,116.419326782227,57.1959190368652,-3.63385200500488,0.424925714731216,-2.35549592971802,-0.293769925832748,70
738533.39682790101505815983,57.0641250610352,-3.1181309223175,1.53341734409332,0.0117647647857666,-0.000376105308532715,42.4853668212891,-71.4565124511719,591.447448730469,526.073974609375,-2.32272386550903,-0.938980638980865,116.390014648438,57.1698226928711,-3.60277247428894,-0.76437646150589,-2.35860085487366,-0.290740609169006,70
738533.39683021325618028641,57.0328483581543,-2.93801712989807,1.51533257961273,0.0117647647857666,-0.000376105308532715,42.4853668212891,-71.4563674926758,590.770446777344,525.371276855469,-2.5557758808136,-0.95475572347641,116.46068572998,57.1285743713379,-3.56866312026978,-1.47257328033447,-2.36176872253418,-0.28751415014267,70
738533.39683253341354429722,57.0205192565918,-2.83078360557556,1.43222212791443,0.0117647647857666,-0.000376105308532715,42.4853630065918,-71.4562301635742,590.128356933594,524.703796386719,-2.67179942131042,-1.02093350887299,116.662437438965,57.1087074279785,-3.52006411552429,-0.102857850492001,-2.36458945274353,-0.284288734197617,70
738533.39683484158013015985,57.0014343261719,-2.79550671577454,1.35254716873169,0.0117647647857666,-0.000376105308532715,42.4853630065918,-71.4560928344727,589.495300292969,524.045043945312,-2.10198664665222,-1.11132287979126,116.850776672363,57.0859680175781,-3.45917224884033,0.833393573760986,-2.36710858345032,-0.281020879745483,70
738533.39683716639410704374,56.959415435791,-2.70520496368408,1.33664846420288,0.0117647647857666,-0.000376105308532715,42.4853591918945,-71.4559478759766,588.878112792969,523.40234375,-1.84017813205719,-1.16240894794464,116.929801940918,57.0392837524414,-3.39475703239441,-0.485525667667389,-2.36940360069275,-0.277741283178329,70
738533.39683951064944267273,56.9131927490234,-2.55850458145142,1.32413113117218,0.0117647647857666,-0.000376105308532715,42.4853591918945,-71.455810546875,588.271362304688,522.769470214844,-2.20073437690735,-1.19736540317535,116.991836547852,56.9860572814941,-3.32274770736694,-1.77518546581268,-2.37148976325989,-0.27433705329895,70
738533.39684182475320994854,56.8718414306641,-2.46685433387756,1.26542592048645,0.0117647647857666,-0.000376105308532715,42.4853553771973,-71.4556732177734,587.710632324219,522.183410644531,-2.27201652526855,-1.2537956237793,117.154174804688,56.939380645752,-3.24408292770386,-1.33333015441895,-2.3731586933136,-0.271040856838226,70
738533.39684419950935989618,56.8203468322754,-2.36535668373108,1.16025257110596,0.0117647647857666,-0.000376105308532715,42.4853553771973,-71.4555282592773,587.148071289062,521.594604492188,-1.83601427078247,-1.35240161418915,117.452812194824,56.8813934326172,-3.15608406066895,0.278967648744583,-2.37456512451172,-0.267586678266525,70
738533.39684656925965100527,56.772590637207,-2.20221185684204,1.07008540630341,0.0117647647857666,-0.000376105308532715,42.4853515625,-71.4553909301758,586.624633789062,521.045532226562,-1.87158381938934,-1.45246291160583,117.750633239746,56.8253631591797,-3.06472778320312,0.878597736358643,-2.37561678886414,-0.264180898666382,70
738533.39684890245553106070,56.7439270019531,-2.10529518127441,1.03034639358521,0.0117647647857666,-0.000376105308532715,42.4853515625,-71.4552459716797,586.114807128906,520.509155273438,-2.37611031532288,-1.51344513893127,117.901245117188,56.7923164367676,-2.9613049030304,-0.304058849811554,-2.37628245353699,-0.260631173849106,70
738533.39685126719996333122,56.7176818847656,-2.09213995933533,0.990152537822723,0.0117647647857666,-0.000376105308532715,42.4853515625,-71.4551086425781,585.617309570312,519.985290527344,-2.31031560897827,-1.55499720573425,117.875671386719,56.764892578125,-2.85569334030151,-1.03733623027802,-2.37660121917725,-0.257063031196594,70
738533.39685359329450875521,56.668872833252,-2.05790281295776,0.903163075447083,0.0117647647857666,-0.000376105308532715,42.4853477478027,-71.4549713134766,585.136657714844,519.47900390625,-1.75984764099121,-1.61625361442566,117.793518066406,56.7134170532227,-2.76199889183044,-0.118052154779434,-2.3767409324646,-0.253577828407288,70
738533.39685587212443351746,56.6088447570801,-1.91846907138824,0.792382180690765,0.0117647647857666,-0.000376105308532715,42.4853477478027,-71.454833984375,584.679870605469,518.996765136719,-1.73444938659668,-1.69443333148956,117.773666381836,56.6468849182129,-2.67805027961731,1.0769464969635,-2.3767306804657,-0.250088930130005,70
738533.39685810613445937634,56.5700416564941,-1.78876340389252,0.714599549770355,0.0117647647857666,-0.000376105308532715,42.4853477478027,-71.4546966552734,584.256042480469,518.547668457031,-2.21302652359009,-1.74668443202972,117.822326660156,56.6028289794922,-2.59316921234131,0.883650898933411,-2.37643265724182,-0.246585354208946,70
738533.39686025679111480713,56.551586151123,-1.82636332511902,0.682128369808197,0.0117647647857666,-0.000376105308532715,42.4853477478027,-71.4545669555664,583.859497070312,517.727416992188,-2.14611077308655,-1.74776327610016,117.821380615234,56.5851821899414,-2.50820183753967,-0.284408897161484,-2.37584710121155,-0.243197232484818,70
738533.39686257287394255400,56.5211524963379,-1.75708711147308,0.610365450382233,0.0117647647857666,-0.000376105308532715,42.4853477478027,-71.4544372558594,583.434631347656,515.616027832031,-1.81789231300354,-1.72153472900391,117.594436645508,56.5517501831055,-2.42802929878235,-0.013253154233098,-2.37511897087097,-0.239555343985558,70
738533.39686487824656069279,56.4917182922363,-1.73117017745972,0.523237347602844,0.0117647647857666,-0.000376105308532715,42.4853477478027,-71.4542999267578,583.032531738281,513.537231445312,-2.46190023422241,-1.68869686126709,117.249496459961,56.5206604003906,-2.35492062568665,0.55063796043396,-2.37424468994141,-0.235909357666969,70
738533.39686721411999315023,56.4627876281738,-1.8344966173172,0.519354641437531,0.0117647647857666,-0.000376105308532715,42.4853439331055,-71.4541625976562,582.608032226562,511.416107177734,-1.8120459318161,-1.33546769618988,116.949600219727,56.4949684143066,-2.29137301445007,-1.18716931343079,-2.37328505516052,-0.232167020440102,70
738533.39686953916680067778,56.4301452636719,-1.74686849117279,0.507310569286346,0.0117647647857666,-0.000376105308532715,42.4853439331055,-71.4540252685547,582.178466796875,509.262786865234,-1.74920320510864,0.17552076280117,116.622604370117,56.4594573974609,-2.2461085319519,-1.62823581695557,-2.37239265441895,-0.228314906358719,70
738533.39687201380729675293,56.4039154052734,-1.78976547718048,0.456126660108566,0.0117647647857666,-0.000376105308532715,42.4853439331055,-71.4538803100586,581.739440917969,507.030059814453,-2.27120590209961,1.45310068130493,116.20433807373,56.4341468811035,-2.20673203468323,0.660817801952362,-2.37139701843262,-0.224260374903679,70
738533.39687432697974145412,56.3657608032227,-1.85186064243317,0.465233892202377,0.0117647647857666,-0.000376105308532715,42.4853439331055,-71.4537353515625,581.292175292969,504.821899414062,-1.85714030265808,1.49747097492218,115.861053466797,56.3980941772461,-2.18038725852966,1.48448967933655,-2.37046241760254,-0.220252886414528,70
738533.39687665947712957859,56.3136444091797,-1.79310238361359,0.52691262960434,0.0117647647857666,-0.000376105308532715,42.4853439331055,-71.4535980224609,580.866455078125,502.720001220703,-1.57603967189789,1.4806215763092,115.705276489258,56.3446502685547,-2.16826391220093,0.655018746852875,-2.3696711063385,-0.216408059000969,70
738533.39687888149637728930,56.2770652770996,-1.69215786457062,0.583491921424866,0.0117647647857666,-0.000376105308532715,42.4853439331055,-71.4534683227539,580.461975097656,501.266998291016,-2.02886509895325,1.45343065261841,115.683792114258,56.3055229187012,-2.15670418739319,0.117242589592934,-2.3688268661499,-0.212567180395126,70
738533.39688108803238719702,56.2645416259766,-1.7063273191452,0.591154873371124,0.0117647647857666,-0.000376105308532715,42.4853439331055,-71.4533386230469,580.076599121094,500.310424804688,-2.33879089355469,1.39152383804321,115.666618347168,56.293514251709,-2.13808822631836,1.01585650444031,-2.36784338951111,-0.208801314234734,70
738533.39688322320580482483,56.247241973877,-1.76859056949615,0.587249279022217,0.0117647647857666,-0.000376105308532715,42.4853439331055,-71.4532089233398,579.692565917969,499.372924804688,-1.99160623550415,1.30672132968903,115.567390441895,56.2781066894531,-2.12011003494263,1.99444282054901,-2.36684370040894,-0.205146178603172,70
738533.39688538631889969110,56.2121810913086,-1.76693570613861,0.621739089488983,0.0117647647857666,-0.000376105308532715,42.4853439331055,-71.4530792236328,579.294372558594,498.409484863281,-1.78496193885803,1.23957920074463,115.405418395996,56.2433815002441,-2.10896158218384,1.55096340179443,-2.36588621139526,-0.201388373970985,70
738533.39688764105085283518,56.1759643554688,-1.69538474082947,0.689621448516846,0.0117647647857666,-0.000376105308532715,42.4853401184082,-71.4529495239258,578.905212402344,497.456695556641,-2.19512057304382,1.20240378379822,115.283561706543,56.2057723999023,-2.1014232635498,0.0878574550151825,-2.36494493484497,-0.19762247800827,70
738533.39688997541088610888,56.1562995910645,-1.66555345058441,0.749266386032104,0.0117647647857666,-0.000376105308532715,42.4853401184082,-71.4528045654297,578.490173339844,496.423767089844,-2.61666321754456,1.16872215270996,115.281967163086,56.1859893798828,-2.0883584022522,-0.779151260852814,-2.36380124092102,-0.193471029400826,70
738533.39689219126012176275,56.1431159973145,-1.70098161697388,0.754187345504761,0.0117647647857666,-0.000376105308532715,42.4853401184082,-71.4526748657227,578.095275878906,495.87109375,-2.27740168571472,1.10384380817413,115.360801696777,56.173942565918,-2.07304334640503,0.124838560819626,-2.36263608932495,-0.189586132764816,70
738533.39689447020646184683,56.1231307983398,-1.72053015232086,0.740905284881592,0.0117647647857666,-0.000376105308532715,42.4853401184082,-71.4525375366211,577.695556640625,495.31396484375,-1.95928919315338,1.01798331737518,115.383354187012,56.1543846130371,-2.06096696853638,1.28632819652557,-2.36148118972778,-0.185703337192535,70
738533.39689666125923395157,56.1108589172363,-1.6564017534256,0.770941555500031,0.0117647647857666,-0.000376105308532715,42.4853401184082,-71.4524078369141,577.320068359375,494.787567138672,-2.48271346092224,0.963578999042511,115.287269592285,56.1405944824219,-2.05141639709473,0.70289671421051,-2.36036825180054,-0.181992903351784,70
738533.39689891692250967026,56.1076507568359,-1.71253037452698,0.836887657642365,0.0117647647857666,-0.000376105308532715,42.4853363037109,-71.452278137207,576.928283691406,494.306671142578,-2.82761716842651,1.06410813331604,115.106986999512,56.1400184631348,-2.04052805900574,-0.895552277565002,-2.35916543006897,-0.178141742944717,70
738533.39690121007151901722,56.0918731689453,-1.78842437267303,0.89717036485672,0.0117647647857666,-0.000376105308532715,42.4853363037109,-71.4521408081055,576.515014648438,494.185394287109,-2.35703301429749,1.27810990810394,114.965171813965,56.1275482177734,-2.0361909866333,-1.71498811244965,-2.35801482200623,-0.174230560660362,70
738533.39690344978589564562,56.0589828491211,-1.78663992881775,0.924090981483459,0.0117647647857666,-0.000376105308532715,42.4853363037109,-71.4520111083984,576.107360839844,494.06103515625,-1.80018293857574,1.47200691699982,114.939430236816,56.0950584411621,-2.04211902618408,-1.13377368450165,-2.35703921318054,-0.170466423034668,70
738533.39690562861505895853,56.0278205871582,-1.73120379447937,0.941472172737122,0.0117647647857666,-0.000376105308532715,42.4853363037109,-71.4518814086914,575.707702636719,493.944458007812,-1.91843843460083,1.65949630737305,114.981399536133,56.0624656677246,-2.0514121055603,-0.274518638849258,-2.35611701011658,-0.166715428233147,70
738533.39690780639648437500,56.0161285400391,-1.74200642108917,0.984231114387512,0.0117647647857666,-0.000376105308532715,42.4853324890137,-71.4517517089844,575.326843261719,493.837860107422,-2.31733846664429,1.86102426052094,114.983947753906,56.0518531799316,-2.05624294281006,-0.345810264348984,-2.35517334938049,-0.163102030754089,70
738533.39691001840401440859,56.0032958984375,-1.83633100986481,1.06748044490814,0.0117647647857666,-0.000376105308532715,42.4853324890137,-71.4516220092773,574.923156738281,493.716705322266,-2.14616775512695,2.12725257873535,114.88533782959,56.0435600280762,-2.06071400642395,-1.37097251415253,-2.35421228408813,-0.159395307302475,70
738533.39691221585962921381,55.971134185791,-1.90722644329071,1.15577113628387,0.0117647647857666,-0.000376105308532715,42.4853324890137,-71.4514923095703,574.506103515625,493.580322265625,-1.64665567874908,2.53940343856812,114.725303649902,56.0155410766602,-2.0734531879425,-1.94709157943726,-2.35340857505798,-0.155737489461899,70
738533.39691436151042580605,55.924617767334,-1.88918220996857,1.21965491771698,0.0117647647857666,-0.000376105308532715,42.4853286743164,-71.4513626098633,574.089050292969,493.442138671875,-1.57098364830017,2.98581123352051,114.605400085449,55.9698104858398,-2.09464883804321,-1.17044997215271,-2.3527774810791,-0.152135461568832,70
738533.39691652450710535049,55.886100769043,-1.85533809661865,1.26794004440308,0.0117647647857666,-0.000376105308532715,42.4853286743164,-71.4512405395508,573.684509277344,493.312957763672,-1.9219137430191,3.42025470733643,114.597793579102,55.931266784668,-2.11584973335266,0.268585592508316,-2.35220646858215,-0.14860874414444,70
738533.39691870589740574360,55.8574142456055,-1.91142618656158,1.34548997879028,0.0117647647857666,-0.000376105308532715,42.4853248596191,-71.4511108398438,573.266174316406,493.179138183594,-1.9168256521225,4.00957632064819,114.685470581055,55.9063034057617,-2.13332295417786,0.935680687427521,-2.35160684585571,-0.144987672567368,70
738533.39692084572743624449,55.8207397460938,-1.9636058807373,1.46534705162048,0.0117647647857666,-0.000376105308532715,42.4853248596191,-71.4509887695312,572.849670410156,493.038665771484,-1.38144218921661,4.93272256851196,114.783309936523,55.8744850158691,-2.15111112594604,0.879081189632416,-2.35109782218933,-0.141529247164726,70
738533.39692305284552276134,55.7680015563965,-1.99325358867645,1.62461292743683,0.0117647647857666,-0.000376105308532715,42.4853210449219,-71.4508590698242,572.416564941406,493.187286376953,-0.975348711013794,5.92641019821167,114.833267211914,55.8272552490234,-2.17344212532043,0.732355833053589,-2.35070133209229,-0.138019427657127,70
738533.39692530734464526176,55.7070388793945,-1.9830447435379,1.8169572353363,0.0117647647857666,-0.000376105308532715,42.4853210449219,-71.4507217407227,571.958251953125,493.416717529297,-1.14267945289612,6.94916343688965,114.812385559082,55.7719268798828,-2.19940209388733,1.01689350605011,-2.35038900375366,-0.134347289800644,70
738533.39692749385721981525,55.657154083252,-1.97312200069427,2.01052522659302,0.0117647647857666,-0.000376105308532715,42.4853172302246,-71.4505920410156,571.516296386719,493.643951416016,-1.67328727245331,7.90483808517456,114.770141601562,55.7283973693848,-2.22194910049438,1.96984910964966,-2.35012054443359,-0.130842253565788,70
738533.39692977524828165770,55.6109733581543,-2.02424311637878,2.2238302230835,0.0117647647857666,-0.000376105308532715,42.4853134155273,-71.4504623413086,571.069213867188,493.870941162109,-1.82582664489746,8.79739093780518,114.789497375488,55.6922187805176,-2.24053716659546,2.82071948051453,-2.34985995292664,-0.127380967140198,70
738533.39693188737146556377,55.5497550964355,-2.07275366783142,2.48531579971313,0.0117647647857666,-0.000376105308532715,42.4853096008301,-71.4503402709961,570.632873535156,494.071563720703,-1.23582124710083,9.2921085357666,114.91397857666,55.6439437866211,-2.26006317138672,2.43175911903381,-2.34971046447754,-0.124193012714386,70
738533.39693412685301154852,55.4837036132812,-1.98296618461609,2.83117771148682,0.0117647647857666,-0.000376105308532715,42.4853057861328,-71.4502105712891,570.182189941406,494.295501708984,-1.4183874130249,9.25137996673584,115.096450805664,55.5912704467773,-2.28190112113953,0.93607622385025,-2.34963703155518,-0.120884954929352,70
738533.39693627459928393364,55.4465446472168,-2.00289392471313,3.12387108802795,0.0117647647857666,-0.000376105308532715,42.4853019714355,-71.450080871582,569.745910644531,494.528106689453,-2.05018830299377,9.20514011383057,115.180839538574,55.5705795288086,-2.29482221603394,0.625985443592072,-2.3494918346405,-0.117724046111107,70
738533.39693846693262457848,55.4101142883301,-2.12272071838379,3.35569953918457,0.0117647647857666,-0.000376105308532715,42.4852981567383,-71.449951171875,569.299072265625,494.742431640625,-1.89311742782593,9.15574741363525,115.133850097656,55.5522041320801,-2.30510711669922,1.60624635219574,-2.34936141967773,-0.114713028073311,70
738533.39694075309671461582,55.3523826599121,-2.13344645500183,3.63105893135071,0.0117647647857666,-0.000376105308532715,42.4852905273438,-71.449821472168,568.812744140625,494.956939697266,-1.66982650756836,9.224289894104,115.042854309082,55.5123634338379,-2.32449436187744,2.04927778244019,-2.34940600395203,-0.111643671989441,70
738533.39694303681608289480,55.3015670776367,-2.07871794700623,3.95823574066162,0.0117647647857666,-0.000376105308532715,42.4852828979492,-71.4496917724609,568.339965820312,495.180297851562,-2.27200865745544,9.34780979156494,115.003364562988,55.4819984436035,-2.34622073173523,1.0704972743988,-2.34954714775085,-0.10874567180872,70
738533.39694524742662906647,55.2697982788086,-2.28221130371094,4.21601819992065,0.0117647647857666,-0.000376105308532715,42.485279083252,-71.4495620727539,567.858154296875,495.386871337891,-2.03884553909302,9.43760395050049,114.991386413574,55.4773292541504,-2.36561703681946,1.25302851200104,-2.34971570968628,-0.106031194329262,70
738533.39694741484709084034,55.2153854370117,-2.24482202529907,4.4583215713501,0.0117647647857666,-0.000376105308532715,42.4852714538574,-71.4494323730469,567.36083984375,495.574859619141,-1.61645686626434,9.473801612854,114.91072845459,55.4405517578125,-2.3966851234436,3.07266354560852,-2.35013723373413,-0.103481151163578,70
738533.39694964757654815912,55.1565437316895,-2.22488570213318,4.76067161560059,0.0117647647857666,-0.000376105308532715,42.4852638244629,-71.4493026733398,566.88916015625,495.773956298828,-2.27397036552429,9.43509387969971,114.85595703125,55.4063034057617,-2.42727112770081,2.20607209205627,-2.35063171386719,-0.101133830845356,70
738533.39695188321638852358,55.0992240905762,-2.3352415561676,5.08887624740601,0.0117647647857666,-0.000376105308532715,42.4852561950684,-71.4491729736328,566.370971679688,495.972961425781,-1.93264818191528,9.39105701446533,114.91975402832,55.3829803466797,-2.45684790611267,0.800034880638123,-2.35120415687561,-0.098781518638134,70
738533.39695406344253569841,55.047664642334,-2.29214859008789,5.35094738006592,0.0117647647857666,-0.000376105308532715,42.4852485656738,-71.4490509033203,565.880065917969,496.1572265625,-1.75421059131622,9.31714916229248,114.995834350586,55.3545989990234,-2.48796916007996,1.84689819812775,-2.35188817977905,-0.096738412976265,70
738533.39695620362181216478,55.0122337341309,-2.2841522693634,5.60850191116333,0.0117647647857666,-0.000376105308532715,42.485237121582,-71.4489212036133,565.396850585938,496.351104736328,-2.4055449962616,9.25155067443848,114.963676452637,55.3445434570312,-2.51483154296875,2.44737792015076,-2.35259485244751,-0.0948384925723076,70
738533.39695853402372449636,54.9846115112305,-2.38426303863525,5.92190647125244,0.0117647647857666,-0.000376105308532715,42.4852294921875,-71.4487838745117,564.856567382812,496.555847167969,-2.83240389823914,9.22082424163818,114.785026550293,55.3539657592773,-2.53933453559875,1.46029043197632,-2.35338854789734,-0.0929169952869415,70
738533.39696076512336730957,54.9464492797852,-2.49892926216125,6.24846744537354,0.0117647647857666,-0.000376105308532715,42.4852180480957,-71.4486541748047,564.318725585938,496.641571044922,-2.56986784934998,9.23279666900635,114.565017700195,55.3570251464844,-2.56814503669739,-0.132346138358116,-2.35432100296021,-0.0912714302539825,70
738533.39696294721215963364,54.9051628112793,-2.52782464027405,6.5434045791626,0.0117647647857666,-0.000376105308532715,42.4852066040039,-71.4485321044922,563.790588378906,496.685119628906,-2.43883180618286,9.2596607208252,114.394180297852,55.351448059082,-2.60539126396179,-0.350980818271637,-2.35545611381531,-0.0898558050394058,70
738533.39696518750861287117,54.8838272094727,-2.485684633255,6.80209255218506,0.0117647647857666,-0.000376105308532715,42.4851951599121,-71.4484024047852,563.242248535156,496.737731933594,-2.96149897575378,9.26032829284668,114.270446777344,55.3595657348633,-2.64762735366821,1.31010389328003,-2.35679960250854,-0.0885443240404129,70
738533.39696738100610673428,54.8713226318359,-2.65239286422729,7.02555751800537,0.0117647647857666,-0.000376105308532715,42.4851875305176,-71.4482727050781,562.690246582031,496.851287841797,-2.89034271240234,9.2424955368042,114.136596679688,55.3828086853027,-2.68689346313477,2.49189186096191,-2.35819935798645,-0.0874328166246414,70
738533.39696959394495934248,54.8369560241699,-2.78422093391418,7.28485155105591,0.0117647647857666,-0.000376105308532715,42.4851722717285,-71.4481506347656,562.118469238281,497.230804443359,-2.31076622009277,9.23352813720703,113.982009887695,55.388744354248,-2.73429846763611,2.49265313148499,-2.35984206199646,-0.0864990800619125,70
738533.39697194087784737349,54.768497467041,-2.85425782203674,7.59751224517822,0.0117647647857666,-0.000376105308532715,42.4851608276367,-71.4480133056641,561.480407714844,497.266296386719,-1.90941643714905,9.25160980224609,113.840179443359,55.3665733337402,-2.79857397079468,1.82580316066742,-2.36197662353516,-0.085672415792942,70
738533.39697413309477269650,54.6943435668945,-2.8531551361084,7.88988542556763,0.0117647647857666,-0.000376105308532715,42.4851493835449,-71.447883605957,560.864624023438,496.464447021484,-2.12883639335632,9.27803516387939,113.824501037598,55.3340911865234,-2.86563873291016,1.82779502868652,-2.36429357528687,-0.0850580111145973,70
738533.39697647292632609606,54.6280059814453,-2.86734628677368,8.15866661071777,0.0117647647857666,-0.000376105308532715,42.4851341247559,-71.44775390625,560.234680175781,495.642730712891,-2.34361600875854,9.26157855987549,113.999557495117,55.3082656860352,-2.92970681190491,2.64433550834656,-2.36679673194885,-0.0846072509884834,70
738533.39697875117417424917,54.5584716796875,-2.88646531105042,8.44257354736328,0.0117647647857666,-0.000376105308532715,42.4851188659668,-71.4476165771484,559.603942871094,494.819641113281,-2.14517498016357,9.20268630981445,114.31819152832,55.2832336425781,-2.98574304580688,2.66729831695557,-2.36937355995178,-0.0843399912118912,70
738533.39698105491697788239,54.4849472045898,-2.90061354637146,8.75576305389404,0.0117647647857666,-0.000376105308532715,42.4851036071777,-71.4474868774414,558.977172851562,494.0009765625,-2.02402091026306,9.13624095916748,114.638137817383,55.2601699829102,-3.03374719619751,1.60304486751556,-2.37199878692627,-0.0842568576335907,70
738533.39698321046307682991,54.4245796203613,-2.91002869606018,9.06788063049316,0.0117647647857666,-0.000376105308532715,42.4850921630859,-71.4473648071289,558.368896484375,493.205505371094,-2.34502029418945,9.09589385986328,114.796539306641,55.2515144348145,-3.07338762283325,0.450931936502457,-2.37459683418274,-0.0843491032719612,70
738533.39698547916486859322,54.3872261047363,-2.93737435340881,9.37180423736572,0.0117647647857666,-0.000376105308532715,42.4850730895996,-71.4472351074219,557.73486328125,492.375457763672,-3.05088424682617,9.0814094543457,114.729591369629,55.2668914794922,-3.10822987556458,0.0367508083581924,-2.37734460830688,-0.0846263989806175,70
738533.39698769245296716690,54.3669548034668,-3.03210687637329,9.62961769104004,0.0117647647857666,-0.000376105308532715,42.4850578308105,-71.4471054077148,557.089416503906,491.532623291016,-3.41389775276184,9.06162261962891,114.504852294922,55.2963752746582,-3.14016556739807,0.839191198348999,-2.38017749786377,-0.0850887447595596,70
738533.39698999433312565088,54.3352813720703,-3.13921904563904,9.87485027313232,0.0117647647857666,-0.000376105308532715,42.4850425720215,-71.4469757080078,556.436279296875,490.684783935547,-3.08096957206726,9.0229320526123,114.29313659668,55.3144645690918,-3.17657017707825,1.57908582687378,-2.38315343856812,-0.0857160463929176,70
738533.39699213427957147360,54.2897796630859,-3.1744122505188,10.1366930007935,0.0117647647857666,-0.000376105308532715,42.4850273132324,-71.4468536376953,555.774597167969,489.828460693359,-2.788987159729,8.98632335662842,114.183624267578,55.3191604614258,-3.22120308876038,1.8803403377533,-2.38636517524719,-0.0865098610520363,70
738533.39699444547295570374,54.2502365112305,-3.1668381690979,10.4300813674927,0.0117647647857666,-0.000376105308532715,42.4850082397461,-71.4467239379883,555.09033203125,488.941528320312,-3.18113541603088,8.97737121582031,114.141380310059,55.3344688415527,-3.2701563835144,1.59821879863739,-2.38986682891846,-0.0875147357583046,70
738533.39699670905247330666,54.2372512817383,-3.22792863845825,10.7346620559692,0.0117647647857666,-0.000376105308532715,42.4849891662598,-71.4465942382812,554.407104492188,488.055297851562,-3.85278487205505,8.99622440338135,114.053466796875,55.3834991455078,-3.31503510475159,0.757266581058502,-2.39343523979187,-0.0886909514665604,70
738533.39699903759174048901,54.2362251281738,-3.3935432434082,11.0214815139771,0.0117647647857666,-0.000376105308532715,42.4849700927734,-71.4464569091797,553.688049316406,487.128082275391,-3.93370795249939,9.00599193572998,113.828575134277,55.4486923217773,-3.3619441986084,0.411575138568878,-2.39723610877991,-0.0900755226612091,70
738533.39700131153222173452,54.2256355285645,-3.52643394470215,11.2747554779053,0.0117647647857666,-0.000376105308532715,42.4849510192871,-71.4463272094727,552.9287109375,486.156768798828,-3.65941572189331,8.99356651306152,113.505393981934,55.4975242614746,-3.42222738265991,1.42783272266388,-2.40144920349121,-0.091670386493206,70
738533.39700357441324740648,54.211799621582,-3.51555275917053,11.5335359573364,0.0117647647857666,-0.000376105308532715,42.4849319458008,-71.4461975097656,552.187622070312,485.209411621094,-4.12723875045776,8.99260520935059,113.270217895508,55.5364799499512,-3.49107027053833,2.34040284156799,-2.40587019920349,-0.0933852568268776,70
738533.39700586302205920219,54.2066040039062,-3.66373205184937,11.8351545333862,0.0117647647857666,-0.000376105308532715,42.4849128723145,-71.4460678100586,551.418823242188,484.228607177734,-4.40514326095581,9.02125549316406,113.193305969238,55.6044044494629,-3.56138348579407,1.27210342884064,-2.41058540344238,-0.0953187495470047,70
738533.39700812753289937973,54.2011985778809,-3.80438208580017,12.1272754669189,0.0117647647857666,-0.000376105308532715,42.4848899841309,-71.4459381103516,550.617919921875,483.214202880859,-3.91705298423767,9.01911449432373,113.152488708496,55.6714859008789,-3.63900136947632,0.954276859760284,-2.41563844680786,-0.0974344089627266,70
738533.39701044454704970121,54.194450378418,-3.84405589103699,12.3767070770264,0.0117647647857666,-0.000376105308532715,42.4848709106445,-71.4458084106445,549.804626464844,482.186309814453,-4.08469581604004,8.90794944763184,113.068481445312,55.7225074768066,-3.72499561309814,2.35176086425781,-2.42106103897095,-0.0997254550457001,70
738533.39701283455360680819,54.1808128356934,-3.95895290374756,12.6567726135254,0.0117647647857666,-0.000376105308532715,42.4848480224609,-71.445671081543,548.912353515625,481.060943603516,-4.39365434646606,8.53498554229736,113.056251525879,55.7801742553711,-3.81846928596497,2.52605795860291,-2.42721462249756,-0.102414593100548,70
738533.39701510372105985880,54.1555786132812,-4.03423690795898,12.9569282531738,0.0117647647857666,-0.000376105308532715,42.4848251342773,-71.4455413818359,548.059753417969,479.988922119141,-4.17661476135254,7.88597965240479,113.221260070801,55.8299560546875,-3.90638732910156,1.18688976764679,-2.43327212333679,-0.105094268918037,70
738533.39701744623016566038,54.1213989257812,-4.07632923126221,13.2556571960449,0.0117647647857666,-0.000376105308532715,42.4848022460938,-71.4454040527344,547.183227539062,478.888244628906,-3.78747892379761,7.37391376495361,113.523246765137,55.8699798583984,-3.99483776092529,-0.223902121186256,-2.43969392776489,-0.108001470565796,70
738533.39701970235910266638,54.0947570800781,-4.06171751022339,13.5205488204956,0.0117647647857666,-0.000376105308532715,42.4847793579102,-71.4452743530273,546.322937011719,477.806884765625,-3.74806046485901,7.30065584182739,113.854850769043,55.9065780639648,-4.07558679580688,-0.674273908138275,-2.44618010520935,-0.111032366752625,70
738533.39702199806924909353,54.0906105041504,-4.05030822753906,13.7355918884277,0.0117647647857666,-0.000376105308532715,42.4847564697266,-71.4451522827148,545.4833984375,476.739990234375,-4.08370304107666,7.10961532592773,114.121726989746,55.9541397094727,-4.14237403869629,0.212118417024612,-2.45260953903198,-0.114180751144886,70
738533.39702438609674572945,54.1071968078613,-4.12037038803101,13.9020624160767,0.0117647647857666,-0.000376105308532715,42.4847297668457,-71.4450149536133,544.57177734375,475.506774902344,-4.26686573028564,4.65191698074341,114.293914794922,56.0163688659668,-4.2004771232605,1.73184299468994,-2.45957469940186,-0.117782339453697,70
738533.39702695619780570269,54.1308479309082,-4.19580984115601,14.0017156600952,0.0117647647857666,-0.000376105308532715,42.4847030639648,-71.4448623657227,543.538024902344,474.115539550781,-3.77940559387207,0.153881013393402,114.383285522461,56.0696144104004,-4.2608380317688,1.74763309955597,-2.4675076007843,-0.122021958231926,70
738533.39702935656532645226,54.1652870178223,-4.0898323059082,14.0093669891357,0.0117647647857666,-0.000376105308532715,42.484676361084,-71.4447250366211,542.615966796875,472.870819091797,-3.91157817840576,-1.67499017715454,114.497383117676,56.0969505310059,-4.31078433990479,0.490433216094971,-2.47481632232666,-0.125980153679848,70
738533.39703177323099225760,54.230224609375,-4.04798030853271,13.9397974014282,0.0117647647857666,-0.000376105308532715,42.4846496582031,-71.4445877075195,541.720397949219,471.655487060547,-4.29157114028931,-1.54954087734222,114.702270507812,56.1393013000488,-4.34194564819336,1.01708960533142,-2.48194360733032,-0.130063250660896,70
738533.39703421364538371563,54.2896575927734,-4.08864068984985,13.8596820831299,0.0117647647857666,-0.000376105308532715,42.4846267700195,-71.444450378418,540.813598632812,470.426696777344,-3.794508934021,-1.47847175598145,114.941635131836,56.1798439025879,-4.35804271697998,1.89210045337677,-2.48902034759521,-0.134314179420471,70
738533.39703668549191206694,54.316234588623,-4.05020427703857,13.8551559448242,0.0117647647857666,-0.000376105308532715,42.4846000671387,-71.4443054199219,539.860534667969,469.134368896484,-3.55003309249878,-0.911419630050659,115.13932800293,56.2016258239746,-4.36822319030762,0.197016507387161,-2.49537587165833,-0.138907983899117,70
738533.39703912951517850161,54.3164672851562,-3.99880838394165,13.9152545928955,0.0117647647857666,-0.000376105308532715,42.4845733642578,-71.4441680908203,538.953247070312,467.901519775391,-3.52417063713074,-0.122021853923798,115.32698059082,56.2130165100098,-4.37056112289429,-2.33583116531372,-2.49807047843933,-0.143383979797363,70
738533.39704150671605020761,54.3383560180664,-3.92646551132202,13.8999900817871,0.0117647647857666,-0.000376105308532715,42.484546661377,-71.4440307617188,538.066101074219,466.690216064453,-3.51628494262695,0.553511142730713,115.575469970703,56.2252960205078,-4.36305332183838,-1.24073171615601,-2.49919080734253,-0.147900149226189,70
738533.39704394736327230930,54.3660736083984,-3.87524580955505,13.8611812591553,0.0117647647857666,-0.000376105308532715,42.4845237731934,-71.4438934326172,537.188415527344,465.487548828125,-3.39449143409729,1.12113296985626,115.831398010254,56.2389526367188,-4.34405040740967,0.846408665180206,-2.49966144561768,-0.152480199933052,70
738533.39704633795190602541,54.3881301879883,-3.79543423652649,13.8833484649658,0.0117647647857666,-0.000376105308532715,42.4844970703125,-71.4437561035156,536.321350097656,464.294464111328,-3.62876152992249,1.33745837211609,115.993034362793,56.2602996826172,-4.31549024581909,1.14233660697937,-2.49985861778259,-0.157122239470482,70
738533.39704863168299198151,54.4138412475586,-3.74029731750488,13.9602127075195,0.0117647647857666,-0.000376105308532715,42.4844703674316,-71.4436187744141,535.503967285156,463.163604736328,-4.19981718063354,1.33672451972961,116.009414672852,56.3004760742188,-4.27895975112915,-0.112437888979912,-2.49993896484375,-0.161607921123505,70
738533.39705095323733985424,54.4359321594238,-3.790452003479,14.0474328994751,0.0117647647857666,-0.000376105308532715,42.484447479248,-71.443489074707,534.694458007812,462.042785644531,-4.22815895080566,1.37705481052399,115.935676574707,56.3468589782715,-4.23797750473022,-1.4075118303299,-2.4999737739563,-0.166083782911301,70
738533.39705328852869570255,54.442943572998,-3.78416204452515,14.0771045684814,0.0117647647857666,-0.000376105308532715,42.4844245910645,-71.443359375,533.880981445312,460.919586181641,-3.4930465221405,1.40352439880371,115.912704467773,56.3606147766113,-4.2040548324585,-0.608000040054321,-2.4999885559082,-0.170568838715553,70
738533.39705557015258818865,54.4464149475098,-3.63961172103882,14.0633163452148,0.0117647647857666,-0.000376105308532715,42.4843978881836,-71.4432220458984,533.069030761719,459.791198730469,-3.32529497146606,1.40890264511108,116.07292175293,56.3510055541992,-4.17379522323608,1.3542662858963,-2.49999499320984,-0.175190806388855,70
738533.39705774351023137569,54.4559898376465,-3.56746053695679,14.0809354782104,0.0117647647857666,-0.000376105308532715,42.484375,-71.4430923461914,532.327209472656,458.751159667969,-3.46365427970886,1.4079521894455,116.343086242676,56.3600425720215,-4.13706302642822,1.80178713798523,-2.49999737739563,-0.179551258683205,70
738533.39705994527321308851,54.4545593261719,-3.58867430686951,14.142993927002,0.0117647647857666,-0.000376105308532715,42.4843521118164,-71.4429702758789,531.595703125,457.724548339844,-3.0794153213501,1.40193116664886,116.548614501953,56.3755416870117,-4.09419441223145,0.735805988311768,-2.49999904632568,-0.183898091316223,70
738533.39706215402111411095,54.441047668457,-3.51191663742065,14.2015829086304,0.0117647647857666,-0.000376105308532715,42.4843254089355,-71.4428405761719,530.85400390625,456.681640625,-2.86760449409485,1.40195286273956,116.581970214844,56.372386932373,-4.05201959609985,0.0350524112582207,-2.49999952316284,-0.188367813825607,70
738533.39706440630834549665,54.4398918151855,-3.40460991859436,14.2253274917603,0.0117647647857666,-0.000376105308532715,42.484302520752,-71.4427108764648,530.120178222656,455.640777587891,-3.45264339447021,1.38436508178711,116.524299621582,56.3706741333008,-4.00614452362061,0.473517447710037,-2.49999928474426,-0.192964464426041,70
738533.39706661773379892111,54.4479713439941,-3.40554594993591,14.2645750045776,0.0117647647857666,-0.000376105308532715,42.4842796325684,-71.4425888061523,529.423583984375,454.649017333984,-3.5637788772583,1.33715236186981,116.498352050781,56.3884506225586,-3.95649838447571,0.210547134280205,-2.5,-0.197392329573631,70
738533.39706892170943319798,54.453197479248,-3.37913680076599,14.3383865356445,0.0117647647857666,-0.000376105308532715,42.4842529296875,-71.4424591064453,528.683898925781,453.595336914062,-3.27908325195312,1.29416882991791,116.448532104492,56.4106216430664,-3.90540432929993,-0.959450900554657,-2.5,-0.202148854732513,70
738533.39707117411307990551,54.4717025756836,-3.30064105987549,14.3896408081055,0.0117647647857666,-0.000376105308532715,42.4842300415039,-71.4423294067383,527.982177734375,452.590087890625,-3.68906259536743,1.26639866828918,116.271209716797,56.4368896484375,-3.8587474822998,-1.2207989692688,-2.5,-0.206760182976723,70
738533.39707339985761791468,54.5067329406738,-3.31287884712219,14.3934869766235,0.0117647647857666,-0.000376105308532715,42.484203338623,-71.4421997070312,527.291442871094,451.596954345703,-4.17318344116211,1.2086273431778,116.012878417969,56.4723930358887,-3.81163835525513,-0.107457399368286,-2.5,-0.211380362510681,70
738533.39707569743040949106,54.5273551940918,-3.33361434936523,14.4078531265259,0.0117647647857666,-0.000376105308532715,42.4841804504395,-71.4420623779297,526.544982910156,450.527557373047,-3.75715279579163,1.12826728820801,115.838401794434,56.4971809387207,-3.76789975166321,0.372758716344833,-2.49999976158142,-0.21636950969696,70
738533.39707792887929826975,54.5363082885742,-3.20852494239807,14.4567699432373,0.0117647647857666,-0.000376105308532715,42.4841537475586,-71.4419326782227,525.853149414062,449.530395507812,-3.70897960662842,1.10654139518738,115.855094909668,56.5110778808594,-3.73384189605713,-0.294017136096954,-2.50000023841858,-0.22109392285347,70
738533.39708019164390861988,54.5653419494629,-3.13722372055054,14.483642578125,0.0117647647857666,-0.000376105308532715,42.484130859375,-71.4418029785156,525.176330566406,448.544616699219,-4.08957576751709,1.10697484016418,115.969825744629,56.5419731140137,-3.69431042671204,-0.0494979657232761,-2.50000023841858,-0.225899070501328,70
738533.39708238653838634491,54.5953598022461,-3.16929149627686,14.4699459075928,0.0117647647857666,-0.000376105308532715,42.4841041564941,-71.4416809082031,524.513427734375,447.578796386719,-3.75893497467041,1.07330465316772,116.089942932129,56.5692253112793,-3.65130209922791,1.32972013950348,-2.50000023841858,-0.230628430843353,70
738533.39708461915142834187,54.5996932983398,-3.1369457244873,14.4752826690674,0.0117647647857666,-0.000376105308532715,42.4840812683105,-71.4415512084961,523.852416992188,446.615814208984,-3.19612622261047,1.05722081661224,116.220207214355,56.5729675292969,-3.61254191398621,1.7342118024826,-2.50000047683716,-0.235371962189674,70
738533.39708692429121583700,54.5834693908691,-3.08592534065247,14.5299787521362,0.0117647647857666,-0.000376105308532715,42.4840545654297,-71.4414215087891,523.171752929688,445.620056152344,-2.98495030403137,1.0989305973053,116.372146606445,56.568531036377,-3.57530760765076,0.492956072092056,-2.50000071525574,-0.240359410643578,70
738533.39708912838250398636,54.5704879760742,-3.01578879356384,14.6012411117554,0.0117647647857666,-0.000376105308532715,42.4840316772461,-71.441291809082,522.537902832031,445.140930175781,-3.17325210571289,1.14796900749207,116.477172851562,56.5705718994141,-3.53975129127502,-0.962258756160736,-2.50000071525574,-0.245095461606979,70
738533.39709146006498485804,54.5751266479492,-2.95848369598389,14.650447845459,0.0117647647857666,-0.000376105308532715,42.4840049743652,-71.441162109375,521.875183105469,444.683166503906,-3.43817782402039,1.14513254165649,116.513740539551,56.5847358703613,-3.49784421920776,-1.31434297561646,-2.50000047683716,-0.250204473733902,70
738533.39709369966294616461,54.5902366638184,-2.94094109535217,14.6513929367065,0.0117647647857666,-0.000376105308532715,42.4839782714844,-71.441032409668,521.242553710938,444.248229980469,-3.37738251686096,1.06781399250031,116.492813110352,56.5986442565918,-3.45469260215759,-0.239004239439964,-2.50000047683716,-0.255140244960785,70
738533.39709592924918979406,54.6011543273926,-2.91374826431274,14.6334066390991,0.0117647647857666,-0.000376105308532715,42.4839553833008,-71.4409027099609,520.61669921875,443.819091796875,-3.19524621963501,0.965142905712128,116.45484161377,56.6031150817871,-3.41289591789246,1.02409541606903,-2.50000047683716,-0.260078698396683,70
738533.39709819585550576448,54.6058464050293,-2.83629417419434,14.6350984573364,0.0117647647857666,-0.000376105308532715,42.4839286804199,-71.4407730102539,520.0009765625,443.400299072266,-3.32972645759583,0.899160325527191,116.43514251709,56.6041450500488,-3.37242388725281,1.31303250789642,-2.5,-0.265048027038574,70
738533.39710043708328157663,54.6069679260254,-2.76042413711548,14.6777400970459,0.0117647647857666,-0.000376105308532715,42.4839057922363,-71.4406433105469,519.395568847656,442.993682861328,-3.63695096969604,0.899202764034271,116.466552734375,56.6125144958496,-3.32849287986755,0.276405364274979,-2.49999976158142,-0.270095974206924,70
738533.39710260392166674137,54.6002883911133,-2.7331268787384,14.7448930740356,0.0117647647857666,-0.000376105308532715,42.4838790893555,-71.4405136108398,518.823974609375,442.612854003906,-3.52497386932373,0.945127487182617,116.567878723145,56.6221961975098,-3.28246021270752,-1.25415778160095,-2.50000023841858,-0.274943292140961,70
738533.39710480393841862679,54.583568572998,-2.70729088783264,14.7984790802002,0.0117647647857666,-0.000376105308532715,42.4838562011719,-71.4403915405273,518.250793457031,442.232177734375,-2.95362091064453,1.00404870510101,116.733276367188,56.6188163757324,-3.23587560653687,-1.99502301216125,-2.49999976158142,-0.279868394136429,70
738533.39710713014937937260,54.568531036377,-2.59050178527832,14.7956924438477,0.0117647647857666,-0.000376105308532715,42.483829498291,-71.4402542114258,517.6357421875,441.829528808594,-2.69780302047729,1.04934084415436,116.93701171875,56.5981254577637,-3.18456649780273,-0.760141015052795,-2.50000023841858,-0.285366207361221,70
738533.39710932865273207426,54.5515213012695,-2.53368067741394,14.7977113723755,0.0117647647857666,-0.000376105308532715,42.4838027954102,-71.4401245117188,517.090087890625,441.477172851562,-2.61271905899048,1.09939324855804,117.096580505371,56.5796775817871,-3.13350653648376,-0.107902728021145,-2.50000023841858,-0.29034635424614,70
738533.39711159397847950459,54.5375785827637,-2.47334456443787,14.8072872161865,0.0117647647857666,-0.000376105308532715,42.4837799072266,-71.4399948120117,516.554443359375,441.135772705078,-2.59235215187073,1.14191329479218,117.187675476074,56.5660743713379,-3.07873368263245,0.255595684051514,-2.5,-0.295387029647827,70
738533.39711386535782366991,54.5188179016113,-2.4692542552948,14.8357973098755,0.0117647647857666,-0.000376105308532715,42.4837532043457,-71.4398651123047,516.002075195312,440.785766601562,-2.46437501907349,1.18418717384338,117.146209716797,56.5552787780762,-3.02021622657776,0.0176471807062626,-2.5,-0.300690650939941,70
738533.39711623114999383688,54.4879913330078,-2.48897361755371,14.8772792816162,0.0117647647857666,-0.000376105308532715,42.4837265014648,-71.4397354125977,515.443603515625,440.430877685547,-2.22140336036682,1.2369122505188,116.956474304199,56.5373306274414,-2.9668493270874,-0.530344724655151,-2.5,-0.306054979562759,70
738533.39711859391536563635,54.4516334533691,-2.47702860832214,14.9096193313599,0.0117647647857666,-0.000376105308532715,42.483699798584,-71.4395980834961,514.862854003906,440.061431884766,-2.23948311805725,1.30376517772675,116.674629211426,56.5102920532227,-2.92185115814209,-0.575199782848358,-2.5,-0.311649292707443,70
738533.39712087670341134071,54.4343528747559,-2.45328187942505,14.9007215499878,0.0117647647857666,-0.000376105308532715,42.4836730957031,-71.4394607543945,514.318481445312,439.717254638672,-2.54531669616699,1.33445119857788,116.430252075195,56.4902534484863,-2.88654208183289,0.712880969047546,-2.5,-0.316961675882339,70
738533.39712313364725559950,54.4236450195312,-2.54453253746033,14.8960199356079,0.0117647647857666,-0.000376105308532715,42.4836463928223,-71.439338684082,513.780151367188,439.373260498047,-2.21337270736694,1.30873537063599,116.218521118164,56.4827308654785,-2.85903477668762,1.54343485832214,-2.50000023841858,-0.322142779827118,70
738533.39712541771586984396,54.3923721313477,-2.53298020362854,14.9356384277344,0.0117647647857666,-0.000376105308532715,42.4836235046387,-71.4392013549805,513.21630859375,439.009674072266,-1.96598124504089,1.29572331905365,115.926498413086,56.4625473022461,-2.84431529045105,0.852718949317932,-2.5,-0.32752388715744,70
738533.39712762914132326841,54.3649940490723,-2.50302195549011,14.9617586135864,0.0117647647857666,-0.000376105308532715,42.4835968017578,-71.439079284668,512.673583984375,438.662384033203,-2.51649236679077,1.28595864772797,115.595474243164,56.4417572021484,-2.83661293983459,0.637568593025208,-2.50000023841858,-0.332791030406952,70
738533.39712983113713562489,54.3461303710938,-2.55058717727661,14.9624109268188,0.0117647647857666,-0.000376105308532715,42.483570098877,-71.4389495849609,512.133544921875,438.315490722656,-2.6082649230957,1.23311293125153,115.377861022949,56.4258918762207,-2.83096432685852,1.1661810874939,-2.50000071525574,-0.33801993727684,70
738533.39713214163202792406,54.3191757202148,-2.46574354171753,15.0009260177612,0.0117647647857666,-0.000376105308532715,42.4835472106934,-71.4388198852539,511.580291748047,437.960693359375,-2.50409507751465,1.20049095153809,115.341941833496,56.4063873291016,-2.8291482925415,0.466746717691422,-2.50000023841858,-0.343427360057831,70
738533.39713442698121070862,54.3063507080078,-2.36272883415222,15.0801973342896,0.0117647647857666,-0.000376105308532715,42.4835205078125,-71.4386901855469,511.046112060547,437.627105712891,-3.18442797660828,1.2586418390274,115.378776550293,56.4107666015625,-2.82012128829956,-1.14876985549927,-2.49999976158142,-0.348919212818146,70
738533.39713671954814344645,54.3122596740723,-2.44803690910339,15.0792436599731,0.0117647647857666,-0.000376105308532715,42.4834938049316,-71.4385604858398,510.510314941406,437.291351318359,-3.01132678985596,1.28160190582275,115.382904052734,56.4198379516602,-2.80135869979858,0.1075304672122,-2.5,-0.354415059089661,70
738533.39713901979848742485,54.2985305786133,-2.39707326889038,15.048755645752,0.0117647647857666,-0.000376105308532715,42.4834671020508,-71.4384307861328,509.967712402344,436.949096679688,-2.25933456420898,1.280428647995,115.43000793457,56.3962860107422,-2.78609609603882,1.9812536239624,-2.5,-0.359953194856644,70
738533.39714129653293639421,54.2654190063477,-2.26668810844421,15.0844163894653,0.0117647647857666,-0.000376105308532715,42.4834403991699,-71.4382934570312,509.441162109375,436.625671386719,-2.29654288291931,1.3090877532959,115.569862365723,56.3685455322266,-2.7676796913147,1.3569370508194,-2.5,-0.365598201751709,70
738533.39714371366426348686,54.2297248840332,-2.24704360961914,15.1565189361572,0.0117647647857666,-0.000376105308532715,42.4834136962891,-71.4381561279297,508.909118652344,436.304412841797,-2.17658233642578,1.32145810127258,115.696708679199,56.3527488708496,-2.73639488220215,-0.231694564223289,-2.5,-0.371499866247177,70
738533.39714598085265606642,54.1848258972168,-2.18345999717712,15.1963777542114,0.0117647647857666,-0.000376105308532715,42.4833869934082,-71.4380264282227,508.399871826172,435.998748779297,-1.77065968513489,1.29131543636322,115.719261169434,56.3177833557129,-2.70104050636292,-0.606272220611572,-2.5,-0.37719738483429,70
738533.39714821917004883289,54.1389617919922,-2.00918364524841,15.2033414840698,0.0117647647857666,-0.000376105308532715,42.4833602905273,-71.4378967285156,507.941345214844,435.733703613281,-2.02302742004395,1.25710964202881,115.749694824219,56.2690467834473,-2.66105341911316,-0.0991637259721756,-2.49999976158142,-0.382628977298737,70
738533.39715041685849428177,54.1007957458496,-1.87764930725098,15.2212314605713,0.0117647647857666,-0.000376105308532715,42.4833335876465,-71.4377670288086,507.513824462891,435.499572753906,-2.29147982597351,1.24873852729797,115.911064147949,56.2326202392578,-2.60532784461975,-0.0734505578875542,-2.50000047683716,-0.38809734582901,70
738533.39715265214908868074,54.0614204406738,-1.80778515338898,15.245756149292,0.0117647647857666,-0.000376105308532715,42.4833068847656,-71.4376449584961,507.109893798828,435.285919189453,-1.82432758808136,1.25586760044098,116.168891906738,56.1990966796875,-2.53627252578735,-0.180314317345619,-2.50000023841858,-0.393511235713959,70
738533.39715497440192848444,54.0101470947266,-1.69109153747559,15.2593116760254,0.0117647647857666,-0.000376105308532715,42.4832801818848,-71.4375152587891,506.6962890625,435.07568359375,-1.34057247638702,1.28552556037903,116.389389038086,56.1498222351074,-2.45386719703674,0.15323069691658,-2.5,-0.399363338947296,70
738533.39715734694618731737,53.9510803222656,-1.6208131313324,15.2729835510254,0.0117647647857666,-0.000376105308532715,42.4832534790039,-71.4373779296875,506.303588867188,434.885375976562,-1.21204173564911,1.33150637149811,116.465293884277,56.0946502685547,-2.36545133590698,0.323714733123779,-2.5,-0.405210494995117,70
738533.39715967909432947636,53.8930358886719,-1.54993629455566,15.2868137359619,0.0117647647857666,-0.000376105308532715,42.483226776123,-71.4372482299805,505.92431640625,434.708740234375,-1.21321082115173,1.38192307949066,116.401191711426,56.0405960083008,-2.27528166770935,0.503359794616699,-2.5,-0.411093890666962,70
738533.39716191985644400120,53.8377418518066,-1.50244295597076,15.3072891235352,0.0117647647857666,-0.000376105308532715,42.4832000732422,-71.4371185302734,505.563079833984,434.546875,-1.29239499568939,1.42459583282471,116.225341796875,55.9917221069336,-2.18820571899414,0.455643534660339,-2.49999976158142,-0.416907161474228,70
738533.39716430357657372952,53.7753219604492,-1.48758506774902,15.3432893753052,0.0117647647857666,-0.000376105308532715,42.4831733703613,-71.4369812011719,505.199676513672,434.38720703125,-1.21755933761597,1.45274293422699,115.977653503418,55.9411697387695,-2.10460257530212,-0.0749716311693192,-2.49999976158142,-0.422897309064865,70
738533.39716655109077692032,53.6996841430664,-1.50807321071625,15.3894367218018,0.0117647647857666,-0.000376105308532715,42.4831466674805,-71.4368515014648,504.848266601562,434.231964111328,-0.923156499862671,1.46244132518768,115.735389709473,55.881706237793,-2.03418350219727,-0.933764100074768,-2.5,-0.428677082061768,70
738533.39716875588055700064,53.6157836914062,-1.44094944000244,15.4324960708618,0.0117647647857666,-0.000376105308532715,42.4831199645996,-71.4367294311523,504.507751464844,434.082977294922,-0.813018798828125,1.47140121459961,115.560005187988,55.811206817627,-1.97770988941193,-1.51793766021729,-2.5,-0.434353053569794,70
738533.39717096858657896519,53.5599899291992,-1.37077045440674,15.4285154342651,0.0117647647857666,-0.000376105308532715,42.4830932617188,-71.4366073608398,504.186187744141,433.951538085938,-1.30510759353638,1.44675624370575,115.446678161621,55.7547340393066,-1.92644894123077,-0.480024009943008,-2.5,-0.440031975507736,70
738533.39717321028001606464,53.5210189819336,-1.41652965545654,15.4095125198364,0.0117647647857666,-0.000376105308532715,42.4830665588379,-71.4364776611328,503.856964111328,433.817077636719,-1.39705562591553,1.37286388874054,115.33780670166,55.7131881713867,-1.87600064277649,0.747397363185883,-2.5,-0.445896565914154,70
738533.39717549772467464209,53.4614944458008,-1.42794501781464,15.4288415908813,0.0117647647857666,-0.000376105308532715,42.483039855957,-71.4363479614258,503.516082763672,433.672821044922,-1.14304292201996,1.30096995830536,115.209411621094,55.6616516113281,-1.83528399467468,0.415920168161392,-2.5,-0.451853334903717,70
738533.39717779261991381645,53.3923873901367,-1.36306548118591,15.4706878662109,0.0117647647857666,-0.000376105308532715,42.4830131530762,-71.4362182617188,503.183990478516,433.537963867188,-1.50137794017792,1.26704227924347,115.107246398926,55.605281829834,-1.80306124687195,-0.600605189800262,-2.5,-0.457859575748444,70
738533.39718004793394356966,53.342845916748,-1.32750844955444,15.4721603393555,0.0117647647857666,-0.000376105308532715,42.4829864501953,-71.4360961914062,502.868286132812,432.914428710938,-1.70246350765228,1.21273016929626,115.118301391602,55.557258605957,-1.77317214012146,-0.154305979609489,-2.5,-0.463720113039017,70
738533.39718228194396942854,53.3022575378418,-1.32444930076599,15.4581661224365,0.0117647647857666,-0.000376105308532715,42.4829597473145,-71.4359664916992,502.553100585938,432.103637695312,-1.53446471691132,1.14488232135773,115.243965148926,55.5143203735352,-1.74348890781403,0.665843546390533,-2.5,-0.469681680202484,70
738533.39718462899327278137,53.2570953369141,-1.3478034734726,15.4629230499268,0.0117647647857666,-0.000376105308532715,42.4829330444336,-71.4358367919922,502.222503662109,431.258209228516,-1.22823941707611,1.11352670192719,115.342353820801,55.4728469848633,-1.71611070632935,0.737842619419098,-2.5,-0.475923508405685,70
738533.39718682388775050640,53.2135124206543,-1.3784065246582,15.4959802627563,0.0117647647857666,-0.000376105308532715,42.4829063415527,-71.4357147216797,501.908905029297,430.464111328125,-1.31436824798584,1.1442084312439,115.250587463379,55.440990447998,-1.69705259799957,-0.0416071899235249,-2.49999976158142,-0.48173850774765,70
738533.39718909142538905144,53.1771621704102,-1.45085859298706,15.5369539260864,0.0117647647857666,-0.000376105308532715,42.4828796386719,-71.4355850219727,501.573791503906,429.631378173828,-1.69935607910156,1.20323801040649,114.926330566406,55.4194221496582,-1.68618857860565,-0.795608580112457,-2.50000023841858,-0.487815022468567,70
738533.39719143370166420937,53.1470222473145,-1.57256352901459,15.5498895645142,0.0117647647857666,-0.000376105308532715,42.482852935791,-71.4354553222656,501.206634521484,428.749237060547,-1.7939738035202,1.23039090633392,114.470756530762,55.3974533081055,-1.68903648853302,-0.436620384454727,-2.49999952316284,-0.494148135185242,70
738533.39719365700148046017,53.1148262023926,-1.65528988838196,15.5281028747559,0.0117647647857666,-0.000376105308532715,42.4828262329102,-71.4353332519531,500.837890625,427.893981933594,-1.51287496089935,1.2092627286911,114.095367431641,55.362865447998,-1.70939671993256,0.876086890697479,-2.49999952316284,-0.500129103660583,70
738533.39719595573842525482,53.0793495178223,-1.65836381912231,15.5109252929688,0.0117647647857666,-0.000376105308532715,42.4827995300293,-71.4352035522461,500.450958251953,427.005737304688,-1.62401628494263,1.17652857303619,113.850914001465,55.324104309082,-1.74450194835663,1.76249015331268,-2.50000023841858,-0.506335496902466,70
738533.39719816530123353004,53.052318572998,-1.67715382575989,15.5293283462524,0.0117647647857666,-0.000376105308532715,42.4827728271484,-71.4350814819336,500.075805664062,426.145294189453,-2.06086850166321,1.14981317520142,113.723556518555,55.3039016723633,-1.78194856643677,1.36799383163452,-2.50000023841858,-0.512348711490631,70
738533.39720035344362258911,53.0271263122559,-1.75874888896942,15.5657119750977,0.0117647647857666,-0.000376105308532715,42.4827461242676,-71.4349594116211,499.698028564453,425.292999267578,-2.12113523483276,1.11108028888702,113.644645690918,55.2925033569336,-1.81893074512482,0.47141769528389,-2.49999976158142,-0.518245875835419,70
738533.39720257977023720741,52.9928321838379,-1.81881177425385,15.5872507095337,0.0117647647857666,-0.000376105308532715,42.4827194213867,-71.4348297119141,499.298950195312,424.412445068359,-1.83659148216248,1.05747473239899,113.605392456055,55.2676277160645,-1.86072385311127,0.127642288804054,-2.50000023841858,-0.52426153421402,70
738533.39720480795949697495,52.9574508666992,-1.74653303623199,15.5856037139893,0.0117647647857666,-0.000376105308532715,42.4826927185059,-71.4347076416016,498.892852783203,423.512420654297,-2.07856130599976,1.00354909896851,113.676826477051,55.2309074401855,-1.90550255775452,0.462186813354492,-2.50000023841858,-0.530473709106445,70
738533.39720709424000233412,52.934871673584,-1.7401921749115,15.6126775741577,0.0117647647857666,-0.000376105308532715,42.482666015625,-71.4345779418945,498.499450683594,422.628875732422,-2.46800136566162,0.963489890098572,113.884254455566,55.2167053222656,-1.94021987915039,-0.239619478583336,-2.50000023841858,-0.536664605140686,70
738533.39720937819220125675,52.9157905578613,-1.79806613922119,15.6580419540405,0.0117647647857666,-0.000376105308532715,42.4826393127441,-71.434455871582,498.087097167969,421.713165283203,-2.21626019477844,0.929038882255554,114.10302734375,55.2131156921387,-1.96728432178497,-1.33733224868774,-2.50000047683716,-0.543042123317719,70
738533.39721165259834378958,52.9013633728027,-1.79728186130524,15.6702966690063,0.0117647647857666,-0.000376105308532715,42.4826126098633,-71.434326171875,497.676330566406,420.808258056641,-2.15670466423035,0.906600415706635,114.181129455566,55.2027397155762,-1.9920117855072,-1.22669982910156,-2.49999952316284,-0.549318790435791,70
738533.39721385366283357143,52.9002342224121,-1.79832625389099,15.6526107788086,0.0117647647857666,-0.000376105308532715,42.4825859069824,-71.4342041015625,497.282348632812,419.937713623047,-2.58229541778564,0.894057750701904,114.139556884766,55.1966743469238,-2.01278495788574,-0.30314502120018,-2.49999976158142,-0.555380582809448,70
738533.39721611165441572666,52.9025611877441,-1.86506187915802,15.6367015838623,0.0117647647857666,-0.000376105308532715,42.4825592041016,-71.4340744018555,496.866912841797,419.029113769531,-2.665846824646,0.878440618515015,114.071098327637,55.1966094970703,-2.03168630599976,0.34654489159584,-2.50000023841858,-0.561705946922302,70
738533.39721844787709414959,52.8899421691895,-1.93750643730164,15.6409826278687,0.0117647647857666,-0.000376105308532715,42.4825325012207,-71.4339447021484,496.423400878906,418.214965820312,-2.20714688301086,0.867743730545044,114.042671203613,55.1882247924805,-2.05512046813965,0.215722113847733,-2.5,-0.568243503570557,70
738533.39722071506548672915,52.8687744140625,-1.95262539386749,15.6499338150024,0.0117647647857666,-0.000376105308532715,42.4825057983398,-71.4338226318359,495.985870361328,417.474975585938,-1.98188281059265,0.873522460460663,114.03377532959,55.171012878418,-2.08376955986023,-0.0319643020629883,-2.49999976158142,-0.574575662612915,70
738533.39722294360399246216,52.8562507629395,-1.96986603736877,15.6437282562256,0.0117647647857666,-0.000376105308532715,42.482479095459,-71.4337005615234,495.556304931641,416.749633789062,-2.20918560028076,0.874313175678253,113.996681213379,55.1578636169434,-2.11329126358032,0.230802461504936,-2.5,-0.580788612365723,70
738533.39722528506536036730,52.8466148376465,-2.02993369102478,15.6343336105347,0.0117647647857666,-0.000376105308532715,42.4824485778809,-71.4335632324219,495.084899902344,415.960144042969,-2.31191039085388,0.845422565937042,113.931488037109,55.1481437683105,-2.14530229568481,0.455656945705414,-2.5,-0.587521135807037,70
738533.39722757902927696705,52.8300552368164,-2.08123302459717,15.6361465454102,0.0117647647857666,-0.000376105308532715,42.482421875,-71.4334411621094,494.616729736328,415.183380126953,-2.2099781036377,0.799908518791199,113.887832641602,55.1347007751465,-2.17889523506165,0.187156766653061,-2.50000023841858,-0.594050109386444,70
738533.39722986950073391199,52.8036346435547,-2.12906336784363,15.6433095932007,0.0117647647857666,-0.000376105308532715,42.4823951721191,-71.4333114624023,494.144805908203,414.407043457031,-2.0330057144165,0.745576679706573,113.89501953125,55.1132469177246,-2.21517324447632,-0.351253986358643,-2.50000071525574,-0.600489377975464,70
738533.39723212097305804491,52.7699851989746,-2.14269709587097,15.6578454971313,0.0117647647857666,-0.000376105308532715,42.4823684692383,-71.4331817626953,493.670318603516,413.630798339844,-1.97778511047363,0.698426246643066,113.966285705566,55.0856666564941,-2.2532958984375,-1.13611555099487,-2.5,-0.606901109218597,70
738533.39723431831225752831,52.742790222168,-2.1161642074585,15.6727476119995,0.0117647647857666,-0.000376105308532715,42.4823417663574,-71.4330596923828,493.212310791016,412.880828857422,-2.19823718070984,0.665328979492188,114.086944580078,55.0628318786621,-2.28825664520264,-1.80558240413666,-2.5,-0.613122224807739,70
738533.39723657292779535055,52.7371940612793,-2.06886386871338,15.6712970733643,0.0117647647857666,-0.000376105308532715,42.4823150634766,-71.4329376220703,492.747924804688,412.115875244141,-2.61530160903931,0.627457797527313,114.22827911377,55.0552597045898,-2.31691884994507,-1.77453720569611,-2.5,-0.619549989700317,70
738533.39723872148897498846,52.7659721374512,-2.10386085510254,15.6120433807373,0.0117647647857666,-0.000376105308532715,42.4822883605957,-71.4328155517578,492.304290771484,411.382446289062,-2.93762826919556,0.553361535072327,114.310974121094,55.0673217773438,-2.33457684516907,0.155066356062889,-2.5,-0.625743508338928,70
738533.39724099752493202686,52.7939949035645,-2.21118593215942,15.5511932373047,0.0117647647857666,-0.000376105308532715,42.4822616577148,-71.4326934814453,491.819519042969,410.591583251953,-2.66623854637146,0.476658850908279,114.268432617188,55.0811653137207,-2.35072064399719,1.7094202041626,-2.49999952316284,-0.632305979728699,70
738533.39724318287335336208,52.7914199829102,-2.27543330192566,15.5518493652344,0.0117647647857666,-0.000376105308532715,42.482234954834,-71.4325714111328,491.347747802734,409.831939697266,-2.41479587554932,0.46190145611763,114.123931884766,55.0815010070801,-2.37287163734436,0.961490452289581,-2.5,-0.638444721698761,70
738533.39724534086417406797,52.7731018066406,-2.30192708969116,15.5880994796753,0.0117647647857666,-0.000376105308532715,42.4822120666504,-71.4324493408203,490.862701416016,409.055725097656,-2.54432654380798,0.489068686962128,113.956687927246,55.0752906799316,-2.40262603759766,-0.831616520881653,-2.49999952316284,-0.644681513309479,70
738533.39724759443197399378,52.7632331848145,-2.34255409240723,15.6060590744019,0.0117647647857666,-0.000376105308532715,42.4821853637695,-71.4323272705078,490.354949951172,408.246795654297,-2.69431114196777,0.494390517473221,113.85888671875,55.0726356506348,-2.43701338768005,-1.68736982345581,-2.49999952316284,-0.651165962219238,70
738533.39724978990852832794,52.7671279907227,-2.38738512992859,15.5677671432495,0.0117647647857666,-0.000376105308532715,42.4821586608887,-71.4322052001953,489.854156494141,407.455017089844,-2.46990394592285,0.432226210832596,113.8623046875,55.0674591064453,-2.47269463539124,-0.620308101177216,-2.5,-0.657414317131042,70
738533.39725199190434068441,52.7785339355469,-2.41510367393494,15.5022354125977,0.0117647647857666,-0.000376105308532715,42.4821319580078,-71.4320831298828,489.343383789062,406.650024414062,-2.40645527839661,0.324452579021454,113.911972045898,55.0611114501953,-2.51044201850891,0.947428643703461,-2.5,-0.663733601570129,70
738533.39725420833565294743,52.7966003417969,-2.44442629814148,15.4577836990356,0.0117647647857666,-0.000376105308532715,42.482105255127,-71.4319534301758,488.818084716797,405.824798583984,-2.68622446060181,0.229765042662621,113.920471191406,55.0672225952148,-2.54862499237061,1.45905673503876,-2.5,-0.670166313648224,70
738533.39725641789846122265,52.8202629089355,-2.50059151649475,15.4562911987305,0.0117647647857666,-0.000376105308532715,42.4820785522461,-71.4318313598633,488.290405273438,404.999725341797,-3.15272927284241,0.117112070322037,113.81485748291,55.0920143127441,-2.58561205863953,0.549554824829102,-2.5,-0.676533877849579,70
738533.39725877577438950539,52.8461990356445,-2.63164782524109,15.4743385314941,0.0117647647857666,-0.000376105308532715,42.4820518493652,-71.4317016601562,487.714202880859,404.109985351562,-3.32014489173889,-0.227794647216797,113.580131530762,55.128044128418,-2.62756156921387,-0.904969394207001,-2.5,-0.68326199054718,70
738533.39726112049538642168,52.8622932434082,-2.74047160148621,15.4724340438843,0.0117647647857666,-0.000376105308532715,42.4820251464844,-71.4315719604492,487.119842529297,403.378784179688,-3.02402114868164,-0.694544196128845,113.322067260742,55.1482429504395,-2.67944669723511,-1.84931433200836,-2.49999952316284,-0.689880430698395,70
738533.39726331585552543402,52.8986129760742,-2.68706846237183,15.3981370925903,0.0117647647857666,-0.000376105308532715,42.4819984436035,-71.4314498901367,486.542327880859,403.219299316406,-3.35173940658569,-1.26070845127106,113.188636779785,55.1596412658691,-2.73736262321472,-0.876916706562042,-2.5,-0.696277976036072,70
738533.39726547675672918558,52.9488143920898,-2.80535244941711,15.3316783905029,0.0117647647857666,-0.000376105308532715,42.4819717407227,-71.4313278198242,485.972503662109,403.05859375,-3.58935546875,-2.0178554058075,113.174591064453,55.1951751708984,-2.78998255729675,-0.802447319030762,-2.5,-0.702534794807434,70
738533.39726772939320653677,52.9894676208496,-2.89803314208984,15.2695960998535,0.0117647647857666,-0.000376105308532715,42.4819488525391,-71.4312057495117,485.359252929688,402.867431640625,-3.10519409179688,-2.84391808509827,113.168922424316,55.2217636108398,-2.84777402877808,-1.65907752513885,-2.5,-0.708992898464203,70
738533.39726993639487773180,53.0332412719727,-2.88446021080017,15.1447248458862,0.0117647647857666,-0.000376105308532715,42.4819221496582,-71.4310836791992,484.751312255859,402.675689697266,-3.23641204833984,-3.67089486122131,113.182716369629,55.2286834716797,-2.90843772888184,-1.41646206378937,-2.49999952316284,-0.715339720249176,70
738533.39727224712260067463,53.0905532836914,-2.94960784912109,14.9602241516113,0.0117647647857666,-0.000376105308532715,42.4818954467773,-71.4309539794922,484.107269287109,402.469696044922,-3.26689743995667,-4.57395696640015,113.32731628418,55.2369041442871,-2.96787405014038,-0.361710518598557,-2.5,-0.722011923789978,70
738533.39727446821052581072,53.1462783813477,-2.96959376335144,14.7502756118774,0.0117647647857666,-0.000376105308532715,42.4818687438965,-71.4308242797852,483.469116210938,402.259887695312,-2.85775542259216,-5.49185466766357,113.60823059082,55.2350959777832,-3.0229229927063,0.356140077114105,-2.5,-0.728471875190735,70
738533.39727667393162846565,53.1954765319824,-2.9844434261322,14.5481882095337,0.0117647647857666,-0.000376105308532715,42.4818458557129,-71.4307022094727,482.852508544922,402.055389404297,-2.58804774284363,-6.37594556808472,113.912956237793,55.2296600341797,-3.07162618637085,-0.0292718354612589,-2.5,-0.734630644321442,70
738533.39727897231932729483,53.2523612976074,-3.00167894363403,14.3401145935059,0.0117647647857666,-0.000376105308532715,42.481819152832,-71.4305725097656,482.213348388672,401.842041015625,-2.71689486503601,-7.28715658187866,114.122146606445,55.2309951782227,-3.11635994911194,-1.25027191638947,-2.5,-0.740946650505066,70
738533.39728114753961563110,53.3318786621094,-3.04793787002563,14.0993804931641,0.0117647647857666,-0.000376105308532715,42.4817962646484,-71.4304504394531,481.566528320312,401.622894287109,-3.22511839866638,-8.52774047851562,114.140144348145,55.2482757568359,-3.15602731704712,-2.07717752456665,-2.50000023841858,-0.74720573425293,70
738533.39728339249268174171,53.4369926452637,-3.15482449531555,13.7829608917236,0.0117647647857666,-0.000376105308532715,42.4817695617676,-71.4303207397461,480.889587402344,401.454376220703,-3.6164186000824,-10.3066101074219,114.003364562988,55.2759895324707,-3.19557929039001,-1.75844502449036,-2.50000023841858,-0.753532767295837,70
738533.39728562918026000261,53.5425224304199,-3.27237486839294,13.4139776229858,0.0117647647857666,-0.000376105308532715,42.481746673584,-71.4301910400391,480.218627929688,401.670806884766,-3.37993955612183,-11.8270998001099,113.864212036133,55.2941703796387,-3.24007320404053,-1.0382217168808,-2.49999976158142,-0.75944995880127,70
738533.39728785143233835697,53.6555213928223,-3.28964924812317,13.0228424072266,0.0117647647857666,-0.000376105308532715,42.4817276000977,-71.4300689697266,479.528869628906,401.879577636719,-3.45574736595154,-12.8127040863037,113.787406921387,55.311222076416,-3.29423189163208,-1.90595996379852,-2.49999976158142,-0.765334904193878,70
738533.39729043876286596060,53.7927894592285,-3.37433457374573,12.6000747680664,0.0117647647857666,-0.000376105308532715,42.4817047119141,-71.4299392700195,478.797058105469,402.091949462891,-3.9513840675354,-13.6176509857178,113.707191467285,55.3517150878906,-3.35315632820129,-2.71543073654175,-2.49999952316284,-0.771390616893768,70
738533.39729262259788811207,53.9504623413086,-3.56735157966614,12.0839262008667,0.0117647647857666,-0.000376105308532715,42.4816780090332,-71.4297943115234,477.973693847656,402.287994384766,-3.96353554725647,-14.1892681121826,113.549163818359,55.4021644592285,-3.42279410362244,-1.72200930118561,-2.49999952316284,-0.777706503868103,70
738533.39729476952925324440,54.0800323486328,-3.66559934616089,11.6170310974121,0.0117647647857666,-0.000376105308532715,42.4816589355469,-71.4296722412109,477.241516113281,402.428588867188,-3.95904898643494,-14.2425165176392,113.412590026855,55.4350242614746,-3.49480724334717,-1.21501111984253,-2.49999976158142,-0.782866477966309,70
738533.39729701634496450424,54.2039031982422,-3.78139472007751,11.1494235992432,0.0117647647857666,-0.000376105308532715,42.4816398620605,-71.4295425415039,476.454650878906,402.555419921875,-4.02801322937012,-14.2578725814819,113.373153686523,55.4677543640137,-3.58076667785645,-1.39956915378571,-2.5,-0.788092434406281,70
738533.39729934465140104294,54.3267517089844,-3.84503197669983,10.6768922805786,0.0117647647857666,-0.000376105308532715,42.4816207885742,-71.4294128417969,475.639312744141,402.668670654297,-4.05025720596313,-14.2347650527954,113.505401611328,55.4993362426758,-3.67475271224976,-2.00241136550903,-2.5,-0.793169558048248,70
738533.39730163570493459702,54.4435844421387,-3.90580630302429,10.2225494384766,0.0117647647857666,-0.000376105308532715,42.4816055297852,-71.4292831420898,474.822326660156,402.76953125,-3.99204134941101,-14.1853141784668,113.77912902832,55.5325126647949,-3.76755166053772,-2.80596733093262,-2.5,-0.797922730445862,70
738533.39730386983137577772,54.556941986084,-3.97820806503296,9.76084232330322,0.0117647647857666,-0.000376105308532715,42.4815864562988,-71.4291534423828,473.988708496094,402.85791015625,-3.83034420013428,-14.1418132781982,114.096534729004,55.5658187866211,-3.857497215271,-3.17114973068237,-2.5,-0.802425503730774,70
738533.39730611012782901525,54.6669845581055,-4.04713487625122,9.28632640838623,0.0117647647857666,-0.000376105308532715,42.4815711975098,-71.4290237426758,473.157806396484,402.931213378906,-3.78720092773438,-14.1312637329102,114.340759277344,55.5976104736328,-3.94232058525085,-2.87141418457031,-2.5,-0.806567490100861,70
738533.39730825962033122778,54.7838325500488,-4.08204507827759,8.79813766479492,0.0117647647857666,-0.000376105308532715,42.4815559387207,-71.4288940429688,472.340240478516,402.993103027344,-4.1645679473877,-14.1552610397339,114.45426940918,55.6357688903809,-4.02135801315308,-2.17342662811279,-2.50000047683716,-0.810324192047119,70
738533.39731051004491746426,54.9022216796875,-4.18321228027344,8.34482192993164,0.0117647647857666,-0.000376105308532715,42.4815406799316,-71.4287719726562,471.495697021484,403.045501708984,-4.63734197616577,-14.0730018615723,114.469123840332,55.6901168823242,-4.09690761566162,-2.52271747589111,-2.5,-0.813887476921082,70
738533.39731280435808002949,55.01953125,-4.30722236633301,7.87496280670166,0.0117647647857666,-0.000376105308532715,42.4815292358398,-71.4286346435547,470.578491210938,403.165496826172,-4.49188137054443,-13.7622413635254,114.473457336426,55.7468948364258,-4.17721557617188,-2.68176174163818,-2.49999952316284,-0.81734162569046,70
738533.39731502591166645288,55.1358604431152,-4.3386492729187,7.39080619812012,0.0117647647857666,-0.000376105308532715,42.4815139770508,-71.4285049438477,469.697540283203,403.343811035156,-4.59339380264282,-13.482985496521,114.505363464355,55.7979507446289,-4.25630760192871,-1.9552093744278,-2.5,-0.820294082164764,70
738533.39731723524164408445,55.2634468078613,-4.39337062835693,6.91299200057983,0.0117647647857666,-0.000376105308532715,42.481502532959,-71.4283752441406,468.810333251953,403.514404296875,-5.08750677108765,-13.1190309524536,114.539054870605,55.8671646118164,-4.33281898498535,-1.10018968582153,-2.49999976158142,-0.822953879833221,70
738533.39731942315120249987,55.380973815918,-4.52696323394775,6.49615526199341,0.0117647647857666,-0.000376105308532715,42.4814910888672,-71.4282531738281,467.901916503906,403.663421630859,-5.04845666885376,-12.7081060409546,114.553535461426,55.9441299438477,-4.40721797943115,-1.24170553684235,-2.49999976158142,-0.825311601161957,70
738533.39732157369144260883,55.4813423156738,-4.58141231536865,6.10257196426392,0.0117647647857666,-0.000376105308532715,42.4814834594727,-71.4281234741211,466.985015869141,403.791412353516,-4.78063631057739,-12.1167459487915,114.592727661133,56.003662109375,-4.48418951034546,-1.8715900182724,-2.5,-0.82733952999115,70
738533.39732378756161779165,55.579216003418,-4.57275295257568,5.70839786529541,0.0117647647857666,-0.000376105308532715,42.4814720153809,-71.4279937744141,466.054718017578,403.916564941406,-4.9406590461731,-10.9214916229248,114.731437683105,56.058406829834,-4.56112146377563,-2.01624798774719,-2.5,-0.829087018966675,70
738533.39732595661189407110,55.6823692321777,-4.58322477340698,5.32657384872437,0.0117647647857666,-0.000376105308532715,42.4814643859863,-71.427864074707,465.125183105469,404.041778564453,-5.15639066696167,-10.1299047470093,114.980735778809,56.1240081787109,-4.62937450408936,-1.20189082622528,-2.5,-0.830535173416138,70
738533.39732810470741242170,55.7765731811523,-4.62944221496582,4.99084138870239,0.0117647647857666,-0.000376105308532715,42.4814567565918,-71.4277420043945,464.224700927734,404.154846191406,-4.91791343688965,-9.87121391296387,115.25643157959,56.1904449462891,-4.68596315383911,-0.686314404010773,-2.50000047683716,-0.83164244890213,70
738533.39733024314045906067,55.8610954284668,-4.63803720474243,4.68028831481934,0.0117647647857666,-0.000376105308532715,42.4814491271973,-71.4276123046875,463.298980712891,404.263488769531,-4.61094379425049,-9.67999839782715,115.491905212402,56.248363494873,-4.73784971237183,-1.1493194103241,-2.5,-0.83249568939209,70
738533.39733230415731668472,55.9321937561035,-4.64671516418457,4.40506410598755,0.0117647647857666,-0.000376105308532715,42.4814414978027,-71.4274978637695,462.430816650391,404.363342285156,-4.5750093460083,-9.50725173950195,115.649917602539,56.2974853515625,-4.78048229217529,-1.79453110694885,-2.49999952316284,-0.833043932914734,70
738533.39733446692116558552,56.0103149414062,-4.64502048492432,4.09903144836426,0.0117647647857666,-0.000376105308532715,42.4814338684082,-71.4273681640625,461.508911132812,404.469024658203,-4.75355005264282,-9.14687824249268,115.772575378418,56.3518714904785,-4.81887006759644,-1.80180716514587,-2.5,-0.833369314670563,70
738533.39733662828803062439,56.088264465332,-4.68529081344604,3.79106283187866,0.0117647647857666,-0.000376105308532715,42.4814300537109,-71.4272384643555,460.583404541016,404.569091796875,-4.81439924240112,-8.1228084564209,115.879066467285,56.4111442565918,-4.850745677948,-1.00647008419037,-2.5,-0.833438336849213,70
738533.39733881247229874134,56.1637268066406,-4.70881319046021,3.4969699382782,0.0117647647857666,-0.000376105308532715,42.4814224243164,-71.4271087646484,459.628753662109,404.664184570312,-4.61512517929077,-6.91281080245972,115.986541748047,56.4691581726074,-4.88055944442749,-0.00746841775253415,-2.5,-0.833249986171722,70
738533.39734101097565144300,56.2350807189941,-4.68537950515747,3.25470590591431,0.0117647647857666,-0.000376105308532715,42.4814186096191,-71.4269790649414,458.673980712891,404.758941650391,-4.51411628723145,-6.00773620605469,116.071617126465,56.5237121582031,-4.90785884857178,0.184991493821144,-2.5,-0.832807004451752,70
738533.39734314684756100178,56.3028144836426,-4.7000732421875,3.07774329185486,0.0117647647857666,-0.000376105308532715,42.4814147949219,-71.4268569946289,457.761749267578,404.85107421875,-4.52401781082153,-5.73411703109741,116.094161987305,56.5824165344238,-4.92882537841797,-0.549976706504822,-2.5,-0.832154154777527,70
738533.39734526979736983776,56.3718910217285,-4.6964111328125,2.92401742935181,0.0117647647857666,-0.000376105308532715,42.4814071655273,-71.4267272949219,456.843658447266,404.941925048828,-4.40960884094238,-4.99528646469116,116.021095275879,56.642707824707,-4.94612216949463,-1.51312232017517,-2.5,-0.831279873847961,70
738533.39734748238697648048,56.4379005432129,-4.64441823959351,2.78069710731506,0.0117647647857666,-0.000376105308532715,42.4814033508301,-71.4265975952148,455.890411376953,404.823547363281,-4.23903179168701,-3.38772130012512,115.864875793457,56.696907043457,-4.95987939834595,-1.93566977977753,-2.49999976158142,-0.83014976978302,70
738533.39734968414995819330,56.4886703491211,-4.60650110244751,2.67076969146729,0.0117647647857666,-0.000376105308532715,42.4813995361328,-71.4264678955078,454.949951171875,404.005767822266,-4.12717485427856,-1.25956594944,115.708084106445,56.7390785217285,-4.9655499458313,-1.51346659660339,-2.49999976158142,-0.828823208808899,70
738533.39735208649653941393,56.5329360961914,-4.50491714477539,2.60306286811829,0.0117647647857666,-0.000376105308532715,42.4813957214355,-71.4263229370117,453.934326171875,403.124481201172,-3.93389797210693,0.139514654874802,115.631492614746,56.7718505859375,-4.96133041381836,-0.635821878910065,-2.50000023841858,-0.827149868011475,70
738533.39735431410372257233,56.581428527832,-4.28147411346436,2.59937310218811,0.0117647647857666,-0.000376105308532715,42.4813919067383,-71.4261856079102,453.014282226562,402.330780029297,-4.02209758758545,1.19756078720093,115.678260803223,56.8026924133301,-4.94113731384277,-0.526958227157593,-2.50000023841858,-0.825407803058624,70
738533.39735647290945053101,56.622241973877,-4.20639896392822,2.63830900192261,0.0117647647857666,-0.000376105308532715,42.481388092041,-71.4260559082031,452.15234375,401.591094970703,-3.6042013168335,2.43134355545044,115.759071350098,56.8395347595215,-4.8975248336792,-0.578577756881714,-2.50000071525574,-0.82357519865036,70
738533.39735862158704549074,56.6442565917969,-3.88364124298096,2.6923143863678,0.0117647647857666,-0.000376105308532715,42.4813842773438,-71.4259262084961,451.343414306641,400.901672363281,-2.70773816108704,3.78919625282288,115.81517791748,56.8410339355469,-4.83618402481079,0.597716391086578,-2.50000095367432,-0.821663618087769,70
738533.39736073277890682220,56.6420860290527,-3.45628809928894,2.82427573204041,0.0117647647857666,-0.000376105308532715,42.4813804626465,-71.4258041381836,450.616119384766,400.293029785156,-2.15512371063232,5.23773050308228,115.922470092773,56.8176765441895,-4.74134349822998,0.819153189659119,-2.50000023841858,-0.819666624069214,70
738533.39736295235343277454,56.6130867004395,-2.91797399520874,3.05546236038208,0.0117647647857666,-0.000376105308532715,42.4813766479492,-71.4256744384766,449.955169677734,399.754241943359,-1.56772911548615,6.13425254821777,116.118148803711,56.7705230712891,-4.5912914276123,0.163589596748352,-2.5,-0.817523896694183,70
738533.39736508019268512726,56.5752754211426,-2.55929112434387,3.2571496963501,0.0117647647857666,-0.000376105308532715,42.4813690185547,-71.4255447387695,449.406951904297,399.322357177734,-1.80012631416321,6.09671449661255,116.305435180664,56.7267227172852,-4.39194011688232,0.397972822189331,-2.50000023841858,-0.815442860126495,70
738533.39736728183925151825,56.543830871582,-2.30759716033936,3.42868804931641,0.0117647647857666,-0.000376105308532715,42.4813652038574,-71.4254150390625,448.882934570312,398.925262451172,-2.22804808616638,5.92269277572632,116.44654083252,56.6946716308594,-4.13346242904663,1.42958784103394,-2.49999976158142,-0.8132004737854,70
738533.39736940804868936539,56.5136451721191,-2.18938446044922,3.58282852172852,0.0117647647857666,-0.000376105308532715,42.4813613891602,-71.4252853393555,448.414642333984,398.576263427734,-2.32129526138306,5.00782537460327,116.540748596191,56.6694107055664,-3.86874651908875,1.76265692710876,-2.49999976158142,-0.811075627803802,70
738533.39737156836781650782,56.4737930297852,-2.09270882606506,3.73729300498962,0.0117647647857666,-0.000376105308532715,42.4813537597656,-71.4251556396484,447.961700439453,398.232208251953,-2.13689994812012,4.08800506591797,116.640884399414,56.6359939575195,-3.60726356506348,1.11833322048187,-2.49999928474426,-0.808955788612366,70
738533.39737369609065353870,56.43115234375,-1.96910214424133,3.86900115013123,0.0117647647857666,-0.000376105308532715,42.4813499450684,-71.4250335693359,447.526550292969,397.906280517578,-2.05834126472473,3.26620268821716,116.765274047852,56.5978927612305,-3.36284565925598,0.574698686599731,-2.49999952316284,-0.806865155696869,70
738533.39737575745675712824,56.4016189575195,-1.86884140968323,3.94094967842102,0.0117647647857666,-0.000376105308532715,42.4813423156738,-71.4249114990234,447.131286621094,397.615173339844,-2.2468729019165,1.55750000476837,116.881042480469,56.570011138916,-3.14935517311096,0.674479901790619,-2.5,-0.804921090602875,70
738533.39737784094177186489,56.3795318603516,-1.825554728508,3.95990514755249,0.0117647647857666,-0.000376105308532715,42.4813346862793,-71.4247817993164,446.743072509766,397.332641601562,-2.16245985031128,0.163995429873466,116.954048156738,56.5479011535645,-2.95309853553772,0.775095343589783,-2.49999976158142,-0.802987515926361,70
738533.39737995283212512732,56.3491706848145,-1.77715671062469,3.94911432266235,0.0117647647857666,-0.000376105308532715,42.481330871582,-71.4246597290039,446.359313964844,397.054870605469,-1.67007005214691,0.0291226375848055,116.95703125,56.5153312683105,-2.78061819076538,0.833125710487366,-2.50000023841858,-0.801101505756378,70
738533.39738197496626526117,56.3071212768555,-1.67632246017456,3.9408872127533,0.0117647647857666,-0.000376105308532715,42.4813232421875,-71.4245376586914,446.004180908203,396.802062988281,-1.48494291305542,0.0264195092022419,116.896049499512,56.4697494506836,-2.63549280166626,0.64135217666626,-2.49999976158142,-0.799328148365021,70
738533.39738409616984426975,56.263484954834,-1.57980561256409,3.9401376247406,0.0117647647857666,-0.000376105308532715,42.4813194274902,-71.4244155883789,445.653869628906,396.557678222656,-1.68115425109863,0.0248447321355343,116.79833984375,56.4234008789062,-2.50042676925659,0.172876954078674,-2.50000023841858,-0.797527849674225,70
738533.39738619572017341852,56.2291526794434,-1.52426493167877,3.93045926094055,0.0117647647857666,-0.000376105308532715,42.4813117980957,-71.4242935180664,445.317138671875,396.326965332031,-1.90566837787628,0.00614224327728152,116.697761535645,56.386962890625,-2.3768162727356,0.0466664396226406,-2.50000023841858,-0.795760869979858,70
738533.39738823683001101017,56.1998252868652,-1.51494693756104,3.90650129318237,0.0117647647857666,-0.000376105308532715,42.4813079833984,-71.4241714477539,444.993774414062,396.10693359375,-1.83053779602051,-0.0358062237501144,116.599212646484,56.3558006286621,-2.26834058761597,0.376042723655701,-2.50000023841858,-0.794069290161133,70
738533.39739028795156627893,56.1685371398926,-1.52875363826752,3.88315081596375,0.0117647647857666,-0.000376105308532715,42.4813003540039,-71.4240493774414,444.673309326172,395.888885498047,-1.63866233825684,-0.0819465517997742,116.478218078613,56.323356628418,-2.17508363723755,0.576166033744812,-2.5,-0.792412102222443,70
738533.39739243651274591684,56.1312370300293,-1.50699412822723,3.86822938919067,0.0117647647857666,-0.000376105308532715,42.4812965393066,-71.4239196777344,444.324157714844,395.651519775391,-1.6546368598938,-0.123577646911144,116.288787841797,56.2845458984375,-2.09098029136658,0.334783792495728,-2.5,-0.790605425834656,70
738533.39739452046342194080,56.1006393432617,-1.49239540100098,3.86295652389526,0.0117647647857666,-0.000376105308532715,42.4812889099121,-71.4237976074219,444.003021240234,395.433837890625,-1.89467811584473,-0.152432858943939,116.077705383301,56.2532806396484,-2.02773475646973,-0.174482077360153,-2.5,-0.788957417011261,70
738533.39739656704477965832,56.0762214660645,-1.50938856601715,3.8602774143219,0.0117647647857666,-0.000376105308532715,42.4812850952148,-71.4236755371094,443.684478759766,395.217987060547,-2.16616630554199,-0.176437437534332,115.866905212402,56.2291984558105,-1.97637033462524,-0.688037693500519,-2.50000071525574,-0.787328600883484,70
738533.39739869604818522930,56.0521850585938,-1.53939211368561,3.84906506538391,0.0117647647857666,-0.000376105308532715,42.4812774658203,-71.4235534667969,443.350524902344,394.989898681641,-2.15838479995728,-0.203608334064484,115.690864562988,56.2052688598633,-1.93565475940704,-0.853955686092377,-2.50000023841858,-0.785650610923767,70
738533.39740095182787626982,56.01953125,-1.55816841125488,3.81012392044067,0.0117647647857666,-0.000376105308532715,42.4812698364258,-71.4234085083008,442.965911865234,394.725494384766,-1.91730105876923,-0.251377940177917,115.581596374512,56.1705703735352,-1.90448653697968,-0.228475093841553,-2.50000023841858,-0.783732533454895,70
738533.39740313333459198475,55.9929466247559,-1.49752473831177,3.76270246505737,0.0117647647857666,-0.000376105308532715,42.4812660217285,-71.4232864379883,442.632873535156,394.498016357422,-2.00370788574219,-0.305944234132767,115.560478210449,56.1392059326172,-1.88676512241364,0.494827657938004,-2.5,-0.78206479549408,70
738533.39740526909008622169,55.9754219055176,-1.49826896190643,3.74571394920349,0.0117647647857666,-0.000376105308532715,42.481258392334,-71.4231567382812,442.294250488281,394.269012451172,-2.29521489143372,-0.34084552526474,115.550140380859,56.1206092834473,-1.8698263168335,0.0518395453691483,-2.49999952316284,-0.780327677726746,70
738533.39740748307667672634,55.9532699584961,-1.54540610313416,3.73819780349731,0.0117647647857666,-0.000376105308532715,42.4812545776367,-71.4230270385742,441.946228027344,394.03125,-2.0956928730011,-0.362339824438095,115.509056091309,56.099292755127,-1.85566568374634,-0.530999779701233,-2.49999952316284,-0.778574228286743,70
738533.39740955317392945290,55.9231643676758,-1.51518583297729,3.70629739761353,0.0117647647857666,-0.000376105308532715,42.4812469482422,-71.4229049682617,441.618286132812,393.806732177734,-1.9427433013916,-0.390331536531448,115.476135253906,56.0663261413574,-1.84803235530853,-0.243480086326599,-2.5,-0.776935338973999,70
738533.39741178625263273716,55.894401550293,-1.4570859670639,3.66098523139954,0.0117647647857666,-0.000376105308532715,42.4812431335449,-71.4227752685547,441.279357910156,393.577880859375,-2.16745162010193,-0.423056066036224,115.503547668457,56.0331153869629,-1.84049665927887,0.243125826120377,-2.5,-0.775171279907227,70
738533.39741396671161055565,55.8705139160156,-1.47948694229126,3.64780306816101,0.0117647647857666,-0.000376105308532715,42.4812355041504,-71.4226455688477,440.941192626953,393.351013183594,-2.13786005973816,-0.426308542490005,115.59204864502,56.0090141296387,-1.82894682884216,-0.336958050727844,-2.5,-0.773370027542114,70
738533.39741619420237839222,55.8406410217285,-1.46296966075897,3.63584733009338,0.0117647647857666,-0.000376105308532715,42.4812316894531,-71.4225158691406,440.600952148438,393.121307373047,-1.76431941986084,-0.408740490674973,115.661468505859,55.9780044555664,-1.81831753253937,-0.72844922542572,-2.5,-0.771566689014435,70
738533.39741828071419149637,55.8087348937988,-1.39956045150757,3.58492612838745,0.0117647647857666,-0.000376105308532715,42.4812240600586,-71.4223937988281,440.284973144531,392.9111328125,-1.84978997707367,-0.413467258214951,115.683235168457,55.9412689208984,-1.8076890707016,0.131394773721695,-2.5,-0.769824206829071,70
738533.39742034580558538437,55.7757453918457,-1.40331864356995,3.53143525123596,0.0117647647857666,-0.000376105308532715,42.4812202453613,-71.4222640991211,439.977264404297,392.708312988281,-1.76790177822113,-0.420171707868576,115.712074279785,55.9050445556641,-1.79296314716339,0.893030643463135,-2.50000023841858,-0.768082976341248,70
738533.39742241729982197285,55.7358360290527,-1.38997888565063,3.51003861427307,0.0117647647857666,-0.000376105308532715,42.4812164306641,-71.4221420288086,439.671875,392.506591796875,-1.39988088607788,-0.412713408470154,115.759056091309,55.8635482788086,-1.77755773067474,0.571261405944824,-2.50000023841858,-0.766348779201508,70
738533.39742456993553787470,55.6953125,-1.32995128631592,3.49928379058838,0.0117647647857666,-0.000376105308532715,42.4812088012695,-71.4220199584961,439.368194580078,392.308746337891,-1.4756406545639,-0.397790104150772,115.766288757324,55.8209762573242,-1.76109063625336,-0.0473643727600574,-2.49999976158142,-0.7645623087883,70
738533.39742669695988297462,55.6629905700684,-1.34234142303467,3.47050189971924,0.0117647647857666,-0.000376105308532715,42.4812049865723,-71.4218978881836,439.066955566406,392.114196777344,-1.69149446487427,-0.387963056564331,115.699142456055,55.7872276306152,-1.74112367630005,0.0166310034692287,-2.49999976158142,-0.762743175029755,70
738533.39742885704617947340,55.6257972717285,-1.39511251449585,3.43171763420105,0.0117647647857666,-0.000376105308532715,42.4811973571777,-71.4217681884766,438.754669189453,391.909698486328,-1.43623054027557,-0.389514178037643,115.58024597168,55.7490119934082,-1.72254872322083,0.390408515930176,-2.50000023841858,-0.760886192321777,70
738533.39743093657307326794,55.5772743225098,-1.39698171615601,3.4120454788208,0.0117647647857666,-0.000376105308532715,42.4811935424805,-71.4216461181641,438.450134277344,391.708465576172,-1.12770390510559,-0.382622241973877,115.463066101074,55.6994361877441,-1.71121513843536,0.100185565650463,-2.49999976158142,-0.759087145328522,70
738533.39743302878923714161,55.5275840759277,-1.37005317211151,3.40877342224121,0.0117647647857666,-0.000376105308532715,42.4811897277832,-71.4215240478516,438.147125244141,391.509307861328,-1.18945384025574,-0.362388998270035,115.361793518066,55.6489791870117,-1.70406329631805,-0.681011855602264,-2.5,-0.757252752780914,70
738533.39743511343840509653,55.4890899658203,-1.39251589775085,3.39559412002563,0.0117647647857666,-0.000376105308532715,42.4811820983887,-71.4214019775391,437.842742919922,391.309539794922,-1.33318638801575,-0.34708371758461,115.248748779297,55.6103248596191,-1.69778025150299,-0.980677127838135,-2.5,-0.755391120910645,70
738533.39743731252383440733,55.4517555236816,-1.42712807655334,3.36102676391602,0.0117647647857666,-0.000376105308532715,42.4811782836914,-71.421272277832,437.518951416016,391.094604492188,-1.2726514339447,-0.352289378643036,115.076309204102,55.5718460083008,-1.69442498683929,-0.58988744020462,-2.49999952316284,-0.75343269109726,70
738533.39743944117799401283,55.4132423400879,-1.47825384140015,3.32403779029846,0.0117647647857666,-0.000376105308532715,42.4811744689941,-71.4211502075195,437.196990966797,390.878326416016,-1.18505108356476,-0.366346895694733,114.861991882324,55.5325317382812,-1.69650542736053,-0.20810729265213,-2.49999976158142,-0.751515746116638,70
738533.39744166750460863113,55.3712730407715,-1.53916537761688,3.28450489044189,0.0117647647857666,-0.000376105308532715,42.4811668395996,-71.4210205078125,436.853454589844,390.643920898438,-1.1128751039505,-0.387844085693359,114.607192993164,55.4899559020996,-1.70624673366547,0.111926861107349,-2.49999976158142,-0.749511480331421,70
738533.39744381024502217770,55.3300666809082,-1.5887531042099,3.25096487998962,0.0117647647857666,-0.000376105308532715,42.4811630249023,-71.4208984375,436.5087890625,390.405364990234,-1.17947387695312,-0.40970253944397,114.34693145752,55.4482574462891,-1.72394907474518,0.157449409365654,-2.5,-0.747547268867493,70
738533.39744595228694379330,55.2923469543457,-1.62503480911255,3.22778749465942,0.0117647647857666,-0.000376105308532715,42.4811592102051,-71.4207763671875,436.152130126953,390.156158447266,-1.41108512878418,-0.427752912044525,114.09944152832,55.4103164672852,-1.74883353710175,-0.183694452047348,-2.50000023841858,-0.745532035827637,70
738533.39744818641338497400,55.2600326538086,-1.65862679481506,3.2201874256134,0.0117647647857666,-0.000376105308532715,42.4811515808105,-71.4206390380859,435.775054931641,389.890594482422,-1.68066430091858,-0.44289442896843,113.890258789062,55.3786201477051,-1.77942192554474,-1.00863206386566,-2.5,-0.743417859077454,70
738533.39745065337046980858,55.2294616699219,-1.73593997955322,3.20904922485352,0.0117647647857666,-0.000376105308532715,42.4811477661133,-71.4205017089844,435.348022460938,389.585906982422,-1.672083735466,-0.467995315790176,113.731384277344,55.3498420715332,-1.816890001297,-1.58394253253937,-2.50000023841858,-0.741087853908539,70
738533.39745271147694438696,55.2087173461914,-1.7418007850647,3.16004180908203,0.0117647647857666,-0.000376105308532715,42.481143951416,-71.4203796386719,434.981719970703,389.322631835938,-1.81892478466034,-0.507469475269318,113.636291503906,55.3265037536621,-1.85223889350891,-0.805120706558228,-2.5,-0.739111125469208,70
738533.39745477330870926380,55.1971740722656,-1.76541340351105,3.1101930141449,0.0117647647857666,-0.000376105308532715,42.4811363220215,-71.4202575683594,434.621551513672,389.063415527344,-2.22168016433716,-0.534887850284576,113.560729980469,55.3129119873047,-1.88632786273956,-0.190166905522346,-2.5,-0.737160265445709,70
738533.39745687122922390699,55.1857643127441,-1.84293234348297,3.07678437232971,0.0117647647857666,-0.000376105308532715,42.4811325073242,-71.4201354980469,434.239288330078,388.785369873047,-2.27110648155212,-0.537447273731232,113.517295837402,55.3021850585938,-1.92087590694427,-0.165519461035728,-2.49999952316284,-0.735123515129089,70
738533.39745901862625032663,55.1664886474609,-1.89241123199463,3.04213953018188,0.0117647647857666,-0.000376105308532715,42.481128692627,-71.4200134277344,433.839080810547,388.490875244141,-2.00529789924622,-0.528724551200867,113.541595458984,55.2827033996582,-1.9590927362442,-0.0335072465240955,-2.5,-0.733037054538727,70
738533.39746110979467630386,55.1491012573242,-1.8585844039917,2.99159717559814,0.0117647647857666,-0.000376105308532715,42.4811248779297,-71.4198913574219,433.442565917969,388.198791503906,-2.07204222679138,-0.527230799198151,113.630706787109,55.2614440917969,-1.99851393699646,0.56981360912323,-2.5,-0.730953693389893,70
738533.39746316778473556042,55.1439666748047,-1.9216388463974,2.94731283187866,0.0117647647857666,-0.000376105308532715,42.4811210632324,-71.4197692871094,433.049957275391,387.909545898438,-2.31955480575562,-0.52792900800705,113.72314453125,55.2560997009277,-2.03332352638245,0.887675046920776,-2.5,-0.728869616985321,70
738533.39746530656702816486,55.134105682373,-2.01123380661011,2.93346214294434,0.0117647647857666,-0.000376105308532715,42.4811172485352,-71.4196472167969,432.631103515625,387.596466064453,-2.09191155433655,-0.510388016700745,113.760368347168,55.2487106323242,-2.06910872459412,0.26702693104744,-2.50000047683716,-0.726706683635712,70
738533.39746751100756227970,55.1157455444336,-2.03189444541931,2.92144870758057,0.0117647647857666,-0.000376105308532715,42.4811096191406,-71.4195251464844,432.198760986328,387.270843505859,-2.03956985473633,-0.486125200986862,113.747459411621,55.2305068969727,-2.10948824882507,-0.290369153022766,-2.50000047683716,-0.724497258663177,70
738533.39746969379484653473,55.1028175354004,-2.04860758781433,2.88435339927673,0.0117647647857666,-0.000376105308532715,42.4811058044434,-71.4193954467773,431.760467529297,386.940307617188,-2.3244035243988,-0.477898865938187,113.741149902344,55.2162742614746,-2.15063953399658,-0.003483219537884,-2.50000047683716,-0.722238481044769,70
738533.39747183851432055235,55.0966148376465,-2.12449932098389,2.84173250198364,0.0117647647857666,-0.000376105308532715,42.4811019897461,-71.4192733764648,431.318359375,386.604675292969,-2.31048035621643,-0.486318826675415,113.766059875488,55.2107391357422,-2.18976902961731,0.433444112539291,-2.50000047683716,-0.719987869262695,70
738533.39747409941628575325,55.0872955322266,-2.1870756149292,2.82151651382446,0.0117647647857666,-0.000376105308532715,42.4810981750488,-71.4191436767578,430.837341308594,386.240692138672,-2.03620171546936,-0.485122948884964,113.774002075195,55.2028465270996,-2.23372435569763,0.0668998435139656,-2.50000023841858,-0.717585384845734,70
738533.39747631188947707415,55.0778999328613,-2.21886086463928,2.81225776672363,0.0117647647857666,-0.000376105308532715,42.4810943603516,-71.4190139770508,430.354614257812,386.045532226562,-2.205894947052,-0.47051677107811,113.70531463623,55.1942672729492,-2.27990746498108,-0.581642210483551,-2.50000023841858,-0.715180277824402,70
738533.39747850724961608648,55.0730514526367,-2.30271697044373,2.77846646308899,0.0117647647857666,-0.000376105308532715,42.4810905456543,-71.4188842773438,429.8642578125,385.840728759766,-2.39392971992493,-0.468759208917618,113.588035583496,55.1911544799805,-2.32640647888184,-0.332180589437485,-2.5,-0.712765574455261,70
738533.39748071832582354546,55.0639839172363,-2.39013719558716,2.73239254951477,0.0117647647857666,-0.000376105308532715,42.481086730957,-71.4187545776367,429.362243652344,385.620483398438,-2.18663382530212,-0.485908210277557,113.493316650391,55.183521270752,-2.37619113922119,0.262635618448257,-2.5,-0.710363864898682,70
738533.39748283906374126673,55.0524978637695,-2.42070126533508,2.7056941986084,0.0117647647857666,-0.000376105308532715,42.4810791015625,-71.4186325073242,428.862182617188,385.395202636719,-2.11688375473022,-0.49993684887886,113.443046569824,55.1720771789551,-2.42940807342529,0.108561880886555,-2.49999976158142,-0.708003163337708,70
738533.39748494245577603579,55.0461959838867,-2.47335481643677,2.69551849365234,0.0117647647857666,-0.000376105308532715,42.4810752868652,-71.4185104370117,428.365356445312,385.167327880859,-2.27304100990295,-0.509618878364563,113.399612426758,55.1676254272461,-2.48238277435303,-0.540549695491791,-2.49999976158142,-0.705673694610596,70
738533.39748700370546430349,55.0477447509766,-2.51628065109253,2.68228149414062,0.0117647647857666,-0.000376105308532715,42.481071472168,-71.4183883666992,427.863647460938,384.932769775391,-2.49709463119507,-0.527706146240234,113.332740783691,55.170467376709,-2.5348002910614,-0.99470728635788,-2.49999976158142,-0.703341066837311,70
738533.39748920721467584372,55.0575294494629,-2.57579445838928,2.65487957000732,0.0117647647857666,-0.000376105308532715,42.4810676574707,-71.4182586669922,427.307769775391,384.667541503906,-2.72423696517944,-0.558621883392334,113.231079101562,55.1816520690918,-2.59110832214355,-1.0218825340271,-2.49999976158142,-0.70076709985733,70
738533.39749135030433535576,55.0693206787109,-2.64798378944397,2.61320161819458,0.0117647647857666,-0.000376105308532715,42.4810638427734,-71.4181365966797,426.771392822266,384.4052734375,-2.79013133049011,-0.598344743251801,113.125701904297,55.1948432922363,-2.64402151107788,-0.57172828912735,-2.49999976158142,-0.698325335979462,70
738533.39749343856237828732,55.0775260925293,-2.72041153907776,2.56040811538696,0.0117647647857666,-0.000376105308532715,42.4810600280762,-71.4180145263672,426.233123779297,384.135192871094,-2.73270559310913,-0.644210278987885,113.040542602539,55.2040786743164,-2.69756960868835,0.131931260228157,-2.49999976158142,-0.695921778678894,70
738533.39749560260679572821,55.0822105407715,-2.75065064430237,2.50241374969482,0.0117647647857666,-0.000376105308532715,42.4810562133789,-71.4178848266602,425.659637451172,383.841979980469,-2.76710772514343,-0.691778302192688,113.006042480469,55.2075881958008,-2.75609946250916,0.749981045722961,-2.49999976158142,-0.693371772766113,70
738533.39749776921235024929,55.091869354248,-2.7299542427063,2.46839880943298,0.0117647647857666,-0.000376105308532715,42.4810523986816,-71.4177627563477,425.108276367188,383.561004638672,-3.18138837814331,-0.725365459918976,113.069343566895,55.2146682739258,-2.81025743484497,0.44827264547348,-2.50000023841858,-0.690895438194275,70
738533.39749997376929968596,55.1129837036133,-2.77181625366211,2.44908332824707,0.0117647647857666,-0.000376105308532715,42.4810485839844,-71.4176330566406,424.518310546875,383.259246826172,-3.38041567802429,-0.742212414741516,113.24267578125,55.2369613647461,-2.8602442741394,-0.268669158220291,-2.5,-0.688213467597961,70
738533.39750210603233426809,55.1349258422852,-2.81621742248535,2.41456317901611,0.0117647647857666,-0.000376105308532715,42.4810447692871,-71.4175109863281,423.951416015625,382.964782714844,-3.18996596336365,-0.761959075927734,113.433166503906,55.2595825195312,-2.90287899971008,-0.243493348360062,-2.5,-0.685656487941742,70
738533.39750424178782850504,55.1564407348633,-2.824547290802,2.36037969589233,0.0117647647857666,-0.000376105308532715,42.4810409545898,-71.4173812866211,423.351959228516,382.651397705078,-3.19215965270996,-0.793059110641479,113.592422485352,55.2791290283203,-2.94513964653015,0.262486487627029,-2.5,-0.68292510509491,70
738533.39750643691513687372,55.1777801513672,-2.84760451316833,2.31842589378357,0.0117647647857666,-0.000376105308532715,42.4810409545898,-71.4172592163086,422.768249511719,382.291473388672,-3.36141014099121,-0.813822090625763,113.707817077637,55.2998313903809,-2.9819598197937,0.261805415153503,-2.49999976158142,-0.680255174636841,70
738533.39750859339255839586,55.1970520019531,-2.87321925163269,2.27964067459106,0.0117647647857666,-0.000376105308532715,42.4810371398926,-71.4171295166016,422.169281005859,381.71533203125,-3.34698677062988,-0.817161619663239,113.834869384766,55.318775177002,-3.01570773124695,0.176864624023438,-2.50000047683716,-0.67751145362854,70
738533.39751066209282726049,55.2108612060547,-2.90579319000244,2.25571751594543,0.0117647647857666,-0.000376105308532715,42.4810333251953,-71.4170074462891,421.604064941406,381.150146484375,-3.13019323348999,-0.799269735813141,113.984756469727,55.3332748413086,-3.04515981674194,-0.203962355852127,-2.50000047683716,-0.674932718276978,70
738533.39751270029228180647,55.2237815856934,-2.91924834251404,2.2311418056488,0.0117647647857666,-0.000376105308532715,42.481029510498,-71.4168930053711,421.042022705078,380.588073730469,-3.00523543357849,-0.776410520076752,114.127380371094,55.345874786377,-3.07339000701904,-0.460331290960312,-2.50000047683716,-0.67235392332077,70
738533.39751488296315073967,55.2429275512695,-2.93414807319641,2.19368553161621,0.0117647647857666,-0.000376105308532715,42.4810256958008,-71.4167709350586,420.440093994141,379.986145019531,-3.12743306159973,-0.763747572898865,114.219818115234,55.3642692565918,-3.10174560546875,-0.357662290334702,-2.5,-0.669555842876434,70
738533.39751691417768597603,55.2657470703125,-2.97993206977844,2.1537778377533,0.0117647647857666,-0.000376105308532715,42.4810218811035,-71.4166488647461,419.86328125,379.409332275391,-3.25580596923828,-0.767749011516571,114.224411010742,55.3879165649414,-3.12693095207214,-0.163895159959793,-2.5,-0.666877150535583,70
738533.39751897763926535845,55.2858238220215,-3.03233432769775,2.12175703048706,0.0117647647857666,-0.000376105308532715,42.4810218811035,-71.4165267944336,419.272186279297,378.818237304688,-3.1965799331665,-0.781521499156952,114.164001464844,55.4095573425293,-3.15347814559937,-0.273446887731552,-2.5,-0.664151012897491,70
738533.39752113970462232828,55.3013343811035,-3.08270454406738,2.09548425674438,0.0117647647857666,-0.000376105308532715,42.4810180664062,-71.4164047241211,418.654388427734,378.200439453125,-3.12935709953308,-0.79902571439743,114.082244873047,55.426815032959,-3.18389844894409,-0.60670280456543,-2.5,-0.66130268573761,70
738533.39752336498349905014,55.3148956298828,-3.11610412597656,2.06612539291382,0.0117647647857666,-0.000376105308532715,42.481014251709,-71.4162750244141,418.006622314453,377.552734375,-3.09545302391052,-0.82136994600296,114.019424438477,55.4411125183105,-3.21864819526672,-0.861627817153931,-2.5,-0.658318817615509,70
738533.39752554090227931738,55.3318939208984,-3.1280825138092,2.0259165763855,0.0117647647857666,-0.000376105308532715,42.4810104370117,-71.416145324707,417.349609375,376.895812988281,-3.22125792503357,-0.851584255695343,113.999420166016,55.4572601318359,-3.2549090385437,-0.803309559822083,-2.5,-0.655279457569122,70
738533.39752782194409519434,55.3568687438965,-3.14371728897095,1.97005808353424,0.0117647647857666,-0.000376105308532715,42.4810066223145,-71.416015625,416.684967041016,376.205657958984,-3.38994407653809,-0.894588828086853,114.018539428711,55.4810523986816,-3.28957343101501,-0.33474263548851,-2.49999976158142,-0.65218585729599,70
738533.39752998051699250937,55.3847274780273,-3.1922595500946,1.90860664844513,0.0117647647857666,-0.000376105308532715,42.4810066223145,-71.415885925293,416.026519775391,375.105133056641,-3.37060880661011,-0.946548163890839,114.047142028809,55.5094718933105,-3.32114696502686,0.223229125142097,-2.5,-0.649122595787048,70
738533.39753228460904210806,55.4085960388184,-3.22045564651489,1.85725021362305,0.0117647647857666,-0.000376105308532715,42.4810028076172,-71.4157562255859,415.336456298828,373.886291503906,-3.22473573684692,-0.99229621887207,114.049133300781,55.5331726074219,-3.35436081886292,0.269927322864532,-2.5,-0.645916879177094,70
738533.39753441663924604654,55.4292640686035,-3.19559526443481,1.83110642433167,0.0117647647857666,-0.000376105308532715,42.4809989929199,-71.4156265258789,414.69091796875,372.741851806641,-3.57951593399048,-1.00891995429993,114.051643371582,55.5514907836914,-3.38387727737427,-0.463845819234848,-2.5,-0.64286994934082,70
738533.39753654820378869772,55.4534111022949,-3.24690365791321,1.7741664648056,0.0117647647857666,-0.000376105308532715,42.4809989929199,-71.4155044555664,414.041473388672,371.594940185547,-3.52452778816223,-1.03158640861511,114.118949890137,55.5767135620117,-3.40907621383667,-0.0195475593209267,-2.5,-0.639792859554291,70
738533.39753879699856042862,55.4800186157227,-3.23640060424805,1.71885275840759,0.0117647647857666,-0.000376105308532715,42.4809951782227,-71.4153747558594,413.357177734375,370.389190673828,-3.37721180915833,-1.05035054683685,114.23291015625,55.6009101867676,-3.43475604057312,0.182334303855896,-2.50000047683716,-0.636520564556122,70
738533.39754090947099030018,55.5088081359863,-3.23296809196472,1.69549310207367,0.0117647647857666,-0.000376105308532715,42.4809913635254,-71.4152526855469,412.716644287109,369.257751464844,-3.60247087478638,-1.03686881065369,114.312515258789,55.6287231445312,-3.45555090904236,-0.577653586864471,-2.50000047683716,-0.633421182632446,70
738533.39754317514598369598,55.5386924743652,-3.29033660888672,1.65454399585724,0.0117647647857666,-0.000376105308532715,42.4809913635254,-71.4151229858398,412.017364501953,368.027313232422,-3.60342621803284,-1.0199967622757,114.353843688965,55.6606712341309,-3.47461366653442,-0.649444222450256,-2.50000095367432,-0.630002737045288,70
738533.39754533185623586178,55.5599479675293,-3.30664873123169,1.58851861953735,0.0117647647857666,-0.000376105308532715,42.4809875488281,-71.4149932861328,411.345733642578,366.851348876953,-3.36222648620605,-1.03678166866302,114.399322509766,55.6809196472168,-3.49413251876831,0.119769118726254,-2.50000023841858,-0.626741468906403,70
738533.39754761569201946259,55.5835456848145,-3.28059816360474,1.53267168998718,0.0117647647857666,-0.000376105308532715,42.4809837341309,-71.4148635864258,410.677673339844,365.678985595703,-3.46968936920166,-1.06317234039307,114.473770141602,55.7013626098633,-3.51377868652344,0.324830800294876,-2.50000023841858,-0.62338125705719,70
738533.39754982269369065762,55.6182250976562,-3.32261681556702,1.49806702136993,0.0117647647857666,-0.000376105308532715,42.4809837341309,-71.4147186279297,409.906585693359,364.326293945312,-3.56902694702148,-1.07666623592377,114.54280090332,55.7375183105469,-3.53210949897766,-0.368913590908051,-2.50000023841858,-0.619529843330383,70
738533.39755185740068554878,55.6428718566895,-3.3695695400238,1.46456372737885,0.0117647647857666,-0.000376105308532715,42.4809799194336,-71.4146041870117,409.266265869141,363.209991455078,-3.35739898681641,-1.08702218532562,114.542945861816,55.7640419006348,-3.54737329483032,-0.605291783809662,-2.49999976158142,-0.616373062133789,70
738533.39755400980357080698,55.6631507873535,-3.37597417831421,1.40630102157593,0.0117647647857666,-0.000376105308532715,42.4809799194336,-71.4144744873047,408.584167480469,362.023773193359,-3.29893732070923,-1.11280429363251,114.503494262695,55.7831649780273,-3.56642413139343,-0.171310290694237,-2.49999976158142,-0.612961292266846,70
738533.39755613089073449373,55.6828842163086,-3.37815546989441,1.34283852577209,0.0117647647857666,-0.000376105308532715,42.4809761047363,-71.4143524169922,407.902252197266,360.838287353516,-3.33781719207764,-1.13198983669281,114.477981567383,55.8014221191406,-3.58603382110596,0.282963395118713,-2.50000023841858,-0.609510123729706,70
738533.39755826618056744337,55.7039337158203,-3.36071586608887,1.29631161689758,0.0117647647857666,-0.000376105308532715,42.4809761047363,-71.4142303466797,407.236663818359,359.679260253906,-3.33105158805847,-1.12953662872314,114.492012023926,55.8202743530273,-3.60342693328857,0.15743125975132,-2.49999976158142,-0.606094658374786,70
738533.39756035758182406425,55.7238693237305,-3.34834265708923,1.26140165328979,0.0117647647857666,-0.000376105308532715,42.4809722900391,-71.4141082763672,406.581024169922,358.535003662109,-3.20696306228638,-1.11361861228943,114.532371520996,55.8386268615723,-3.61667966842651,-0.245683327317238,-2.5,-0.602677226066589,70
738533.39756239089183509350,55.7399787902832,-3.33748841285706,1.22831416130066,0.0117647647857666,-0.000376105308532715,42.4809722900391,-71.4139862060547,405.925170898438,357.388916015625,-2.98859572410583,-1.09729111194611,114.569442749023,55.8533172607422,-3.62565231323242,-0.595851182937622,-2.49999976158142,-0.599202156066895,70
738533.39756443642545491457,55.7525520324707,-3.31087327003479,1.18762052059174,0.0117647647857666,-0.000376105308532715,42.4809722900391,-71.4138641357422,405.282897949219,356.263946533203,-2.85961675643921,-1.09361028671265,114.574111938477,55.8633995056152,-3.63044285774231,-0.635544180870056,-2.49999976158142,-0.595746874809265,70
738533.39756678452249616385,55.7675018310547,-3.28369545936584,1.12589538097382,0.0117647647857666,-0.000376105308532715,42.4809684753418,-71.4137268066406,404.560638427734,354.993957519531,-2.92327189445496,-1.11670541763306,114.528778076172,55.8754386901855,-3.63016939163208,-0.248412847518921,-2.50000071525574,-0.591798722743988,70
738533.39756892609875649214,55.7839584350586,-3.2515926361084,1.05865013599396,0.0117647647857666,-0.000376105308532715,42.4809684753418,-71.4135971069336,403.898590087891,353.825347900391,-3.07537746429443,-1.1599406003952,114.454254150391,55.888671875,-3.62466406822205,0.279209405183792,-2.50000023841858,-0.588083744049072,70
738533.39757115649990737438,55.8007316589355,-3.24808192253113,0.994215786457062,0.0117647647857666,-0.000376105308532715,42.4809684753418,-71.4134750366211,403.238311767578,352.657012939453,-3.19948863983154,-1.20867168903351,114.390098571777,55.9040260314941,-3.61465072631836,0.57182776927948,-2.50000047683716,-0.584319531917572,70
738533.39757333626039326191,55.8139495849609,-3.2545018196106,0.941481351852417,0.0117647647857666,-0.000376105308532715,42.4809646606445,-71.4133453369141,402.564788818359,351.465515136719,-3.14859199523926,-1.25355899333954,114.377647399902,55.9166831970215,-3.60283446311951,0.397375702857971,-2.5,-0.580436289310455,70
738533.39757550426293164492,55.8236236572266,-3.24364233016968,0.901454091072083,0.0117647647857666,-0.000376105308532715,42.4809646606445,-71.413215637207,401.888549804688,350.268890380859,-3.08908748626709,-1.28275537490845,114.435272216797,55.9250450134277,-3.59181499481201,-0.169437259435654,-2.5,-0.57649302482605,70
738533.39757771498989313841,55.8375434875488,-3.20521688461304,0.860463559627533,0.0117647647857666,-0.000376105308532715,42.4809646606445,-71.4130859375,401.222045898438,349.085845947266,-3.22158145904541,-1.29905784130096,114.542022705078,55.9360809326172,-3.58115005493164,-0.621269762516022,-2.50000023841858,-0.572537183761597,70
738533.39757985400501638651,55.8606834411621,-3.21580410003662,0.795301079750061,0.0117647647857666,-0.000376105308532715,42.4809608459473,-71.4129638671875,400.570953369141,347.925109863281,-3.46983313560486,-1.32583010196686,114.649917602539,55.9588241577148,-3.56835961341858,-0.213150158524513,-2.50000047683716,-0.568598687648773,70
738533.39758204610552638769,55.8784446716309,-3.22866868972778,0.73222804069519,0.0117647647857666,-0.000376105308532715,42.4809608459473,-71.4128341674805,399.914245605469,346.759735107422,-3.31041622161865,-1.35376286506653,114.736053466797,55.976432800293,-3.55695867538452,0.0368660017848015,-2.50000047683716,-0.564623415470123,70
738533.39758413855452090502,55.8945007324219,-3.16625070571899,0.696038961410522,0.0117647647857666,-0.000376105308532715,42.4809608459473,-71.4127044677734,399.264465332031,345.600189208984,-3.47847580909729,-1.35670030117035,114.841087341309,55.9884338378906,-3.54744434356689,-0.691120982170105,-2.50000047683716,-0.560597062110901,70
738533.39758617745246738195,55.9154663085938,-3.16853451728821,0.648946940898895,0.0117647647857666,-0.000376105308532715,42.4809608459473,-71.4125900268555,398.655212402344,344.5087890625,-3.55284476280212,-1.35471820831299,114.977340698242,56.0089263916016,-3.53578329086304,-0.782676517963409,-2.5,-0.556749999523163,70
738533.39758833427913486958,55.937629699707,-3.16081762313843,0.57789146900177,0.0117647647857666,-0.000376105308532715,42.4809608459473,-71.4124603271484,398.00341796875,343.341766357422,-3.32200860977173,-1.36623740196228,115.117713928223,56.0298385620117,-3.52282786369324,-0.205421045422554,-2.49999952316284,-0.552575886249542,70
738533.39759045664686709642,55.9563179016113,-3.12808012962341,0.516274452209473,0.0117647647857666,-0.000376105308532715,42.4809608459473,-71.4123306274414,397.368438720703,342.200317382812,-3.31016516685486,-1.3757392168045,115.206733703613,56.0460624694824,-3.51008439064026,-0.0650479719042778,-2.49999976158142,-0.548449337482452,70
738533.39759250846691429615,55.9736824035645,-3.1073682308197,0.470142662525177,0.0117647647857666,-0.000376105308532715,42.48095703125,-71.4122085571289,396.761932373047,341.106170654297,-3.36268877983093,-1.3749006986618,115.254653930664,56.061840057373,-3.4962158203125,-0.365727186203003,-2.5,-0.544433057308197,70
738533.39759465272072702646,55.9881324768066,-3.10055685043335,0.423496395349503,0.0117647647857666,-0.000376105308532715,42.48095703125,-71.4120864868164,396.145263671875,339.991363525391,-3.23628616333008,-1.36926078796387,115.294158935547,56.0755195617676,-3.48071384429932,-0.578208088874817,-2.5,-0.540275871753693,70
738533.39759678835980594158,55.9967765808105,-3.08051800727844,0.36235710978508,0.0117647647857666,-0.000376105308532715,42.48095703125,-71.4119644165039,395.513031005859,338.8466796875,-2.97240996360779,-1.37056195735931,115.342086791992,56.0826148986816,-3.46471905708313,-0.331219881772995,-2.5,-0.535947024822235,70
738533.39759884937666356564,56.0032272338867,-3.03459072113037,0.295452058315277,0.0117647647857666,-0.000376105308532715,42.48095703125,-71.4118347167969,394.907348632812,337.744445800781,-2.89037609100342,-1.37932181358337,115.383590698242,56.0861625671387,-3.44858956336975,0.0490594916045666,-2.5,-0.531717658042908,70
738533.39760101214051246643,56.0138168334961,-2.99524712562561,0.235294550657272,0.0117647647857666,-0.000376105308532715,42.48095703125,-71.4117126464844,394.294372558594,336.656005859375,-2.99878764152527,-1.38333737850189,115.392639160156,56.0943336486816,-3.42900967597961,0.0721003785729408,-2.5,-0.527325332164764,70
738533.39760343974921852350,56.0239906311035,-3.0074405670166,0.182408526539803,0.0117647647857666,-0.000376105308532715,42.48095703125,-71.4115676879883,393.59814453125,335.423706054688,-2.92205286026001,-1.37816536426544,115.344551086426,56.1049499511719,-3.40364027023315,-0.316179186105728,-2.5,-0.522279262542725,70
738533.39760553720407187939,56.0246124267578,-2.9632260799408,0.123936094343662,0.0117647647857666,-0.000376105308532715,42.48095703125,-71.4114456176758,393.002288818359,334.368286132812,-2.76162004470825,-1.38562071323395,115.28825378418,56.1030578613281,-3.38311171531677,-0.183649495244026,-2.5,-0.517886281013489,70
738533.39760764222592115402,56.0282745361328,-2.90069603919983,0.0548598654568195,0.0117647647857666,-0.000376105308532715,42.4809608459473,-71.4113235473633,392.425567626953,333.337738037109,-2.91239762306213,-1.4057936668396,115.262229919434,56.1033363342285,-3.36136913299561,0.18887397646904,-2.5,-0.513504326343536,70
738533.39760974328964948654,56.0369758605957,-2.88680505752563,-0.00363090774044394,0.0117647647857666,-0.000376105308532715,42.4809608459473,-71.4111938476562,391.839447021484,332.285583496094,-2.93322920799255,-1.42173838615417,115.255355834961,56.1112861633301,-3.33498740196228,0.134337589144707,-2.5,-0.508951485157013,70
738533.39761192025616765022,56.0422210693359,-2.87381196022034,-0.0467717535793781,0.0117647647857666,-0.000376105308532715,42.4809608459473,-71.4110717773438,391.26025390625,331.245147705078,-2.74014401435852,-1.42526018619537,115.23072052002,56.1158752441406,-3.30789613723755,-0.330103397369385,-2.49999976158142,-0.50439316034317,70
738533.39761404844466596842,56.0415153503418,-2.83699727058411,-0.0960392951965332,0.0117647647857666,-0.000376105308532715,42.4809608459473,-71.4109420776367,390.671936035156,330.184844970703,-2.66835999488831,-1.42385566234589,115.178062438965,56.1133613586426,-3.28103876113892,-0.576563000679016,-2.49999976158142,-0.499674528837204,70
738533.39761617546901106834,56.0396575927734,-2.77929162979126,-0.159083172678947,0.0117647647857666,-0.000376105308532715,42.4809608459473,-71.4108200073242,390.098510742188,329.143432617188,-2.82170486450195,-1.42969799041748,115.142501831055,56.1087608337402,-3.25343155860901,-0.404202312231064,-2.49999976158142,-0.494943976402283,70
738533.39761826302856206894,56.0384101867676,-2.74358868598938,-0.221165463328362,0.0117647647857666,-0.000376105308532715,42.4809608459473,-71.4106979370117,389.543426513672,328.129119873047,-2.81730699539185,-1.43647491931915,115.16877746582,56.1059684753418,-3.22342228889465,-0.26314851641655,-2.49999952316284,-0.490250885486603,70
738533.39762033778242766857,56.0364036560059,-2.69568538665771,-0.269965827465057,0.0117647647857666,-0.000376105308532715,42.4809608459473,-71.4105758666992,389.007568359375,327.144317626953,-2.6914484500885,-1.43451499938965,115.244140625,56.1018562316895,-3.19195771217346,-0.514953434467316,-2.49999904632568,-0.485619783401489,70
738533.39762249588966369629,56.0366058349609,-2.63115358352661,-0.315539985895157,0.0117647647857666,-0.000376105308532715,42.4809646606445,-71.4104461669922,388.467651367188,326.143127441406,-2.73106622695923,-1.42372345924377,115.323471069336,56.0992279052734,-3.15677070617676,-0.872405052185059,-2.49999952316284,-0.480793714523315,70
738533.39762451243586838245,56.0401840209961,-2.59203457832336,-0.371035158634186,0.0117647647857666,-0.000376105308532715,42.4809646606445,-71.4103240966797,387.942779541016,325.161804199219,-2.83366584777832,-1.41315746307373,115.365158081055,56.1013259887695,-3.11821866035461,-0.812922537326813,-2.49999952316284,-0.475971430540085,70
738533.39762688404880464077,56.0392570495605,-2.57307982444763,-0.44795286655426,0.0117647647857666,-0.000376105308532715,42.4809646606445,-71.4101867675781,387.357971191406,324.064056396484,-2.70975685119629,-1.41139149665833,115.376167297363,56.1000900268555,-3.0730459690094,-0.277458876371384,-2.5,-0.470508724451065,70
738533.39762887987308204174,56.0310134887695,-2.53510856628418,-0.508340060710907,0.0117647647857666,-0.000376105308532715,42.4809684753418,-71.4100646972656,386.858306884766,323.122833251953,-2.51422071456909,-1.40977871417999,115.389358520508,56.0906372070312,-3.03523731231689,-0.104238778352737,-2.5,-0.465733617544174,70
738533.39763101353310048580,56.0219116210938,-2.4700448513031,-0.555548071861267,0.0117647647857666,-0.000376105308532715,42.4809684753418,-71.4099426269531,386.361511230469,322.675079345703,-2.51796889305115,-1.39843034744263,115.420097351074,56.0790901184082,-2.99723958969116,-0.425851225852966,-2.5,-0.460841596126556,70
738533.39763311191927641630,56.0175170898438,-2.42886328697205,-0.601280093193054,0.0117647647857666,-0.000376105308532715,42.4809684753418,-71.4098205566406,385.857116699219,322.328887939453,-2.59824061393738,-1.3792896270752,115.450752258301,56.073371887207,-2.95588946342468,-0.756694793701172,-2.49999976158142,-0.455721586942673,70
738533.39763522788416594267,56.0117225646973,-2.43078088760376,-0.67243093252182,0.0117647647857666,-0.000376105308532715,42.4809722900391,-71.4096984863281,385.367797851562,322.007446289062,-2.37541222572327,-1.39392840862274,115.443008422852,56.068473815918,-2.91601872444153,-0.150003433227539,-2.49999976158142,-0.450721263885498,70
738533.39763733616564422846,56.0003967285156,-2.39668440818787,-0.734234213829041,0.0117647647857666,-0.000376105308532715,42.4809722900391,-71.4095687866211,384.855895996094,321.936645507812,-2.3562285900116,-1.41031742095947,115.387321472168,56.056468963623,-2.87680125236511,-0.129406481981277,-2.49999976158142,-0.445347249507904,70
738533.39763955504167824984,55.9886474609375,-2.37037658691406,-0.793998897075653,0.0117647647857666,-0.000376105308532715,42.4809761047363,-71.4094390869141,384.352294921875,321.871276855469,-2.34388375282288,-1.42373394966125,115.31177520752,56.0444259643555,-2.83978581428528,-0.164384946227074,-2.49999976158142,-0.439960479736328,70
738533.39764176611788570881,55.976390838623,-2.34308886528015,-0.855534851551056,0.0117647647857666,-0.000376105308532715,42.4809761047363,-71.409309387207,383.84423828125,321.809814453125,-2.32967925071716,-1.43714261054993,115.230308532715,56.0319404602051,-2.80407857894897,-0.176978528499603,-2.49999976158142,-0.434411555528641,70
738533.39764403738081455231,55.9639587402344,-2.31634473800659,-0.917366147041321,0.0117647647857666,-0.000376105308532715,42.4809799194336,-71.4091796875,383.344696044922,321.754028320312,-2.31454181671143,-1.45036196708679,115.152900695801,56.0193862915039,-2.77041363716125,-0.164559528231621,-2.49999952316284,-0.428851366043091,70
738533.39764620934147387743,55.9508934020996,-2.28946971893311,-0.980756938457489,0.0117647647857666,-0.000376105308532715,42.4809799194336,-71.409049987793,382.838043212891,321.701965332031,-2.29806113243103,-1.46339917182922,115.08056640625,56.0063018798828,-2.73747730255127,-0.150827318429947,-2.5,-0.42309159040451,70
738533.39764845522586256266,55.937629699707,-2.26362800598145,-1.04354596138,0.0117647647857666,-0.000376105308532715,42.4809837341309,-71.4089202880859,382.34326171875,321.655670166016,-2.2809910774231,-1.47583723068237,115.016876220703,55.9931335449219,-2.70633769035339,-0.126050889492035,-2.5,-0.41735428571701,70
738533.39765054150484502316,55.9249877929688,-2.24034929275513,-1.10127735137939,0.0117647647857666,-0.000376105308532715,42.4809837341309,-71.4087982177734,381.889862060547,321.617340087891,-2.26463508605957,-1.48664081096649,114.964401245117,55.9806785583496,-2.67863059043884,-0.11190440505743,-2.50000023841858,-0.412020564079285,70
738533.39765261928550899029,55.911563873291,-2.21705913543701,-1.16006946563721,0.0117647647857666,-0.000376105308532715,42.4809875488281,-71.4086685180664,381.426452636719,321.581939697266,-2.24742221832275,-1.49674510955811,114.915672302246,55.9675254821777,-2.65092802047729,-0.119011729955673,-2.5,-0.406443953514099,70
738533.39765486109536141157,55.8972206115723,-2.19378042221069,-1.21934795379639,0.0117647647857666,-0.000376105308532715,42.4809913635254,-71.4085388183594,380.950347900391,321.549682617188,-2.2295880317688,-1.50563824176788,114.86979675293,55.953540802002,-2.62307143211365,-0.182736054062843,-2.49999976158142,-0.400586634874344,70
738533.39765704888850450516,55.8826599121094,-2.17166090011597,-1.27637267112732,0.0117647647857666,-0.000376105308532715,42.4809913635254,-71.4084091186523,380.485137939453,321.522216796875,-2.2124707698822,-1.51289200782776,114.828269958496,55.9394035339355,-2.59650206565857,-0.299175530672073,-2.50000023841858,-0.394777834415436,70
738533.39765916741453111172,55.8678169250488,-2.15051102638245,-1.3345193862915,0.0117647647857666,-0.000376105308532715,42.4809951782227,-71.4082870483398,380.028076171875,321.498931884766,-2.196040391922,-1.52051758766174,114.789749145508,55.9251174926758,-2.57100701332092,-0.365844666957855,-2.50000023841858,-0.388966083526611,70
738533.39766133972443640232,55.8527679443359,-2.13046813011169,-1.39335262775421,0.0117647647857666,-0.000376105308532715,42.4809989929199,-71.4081573486328,379.581085205078,321.479614257812,-2.18033909797668,-1.5287172794342,114.753524780273,55.9107513427734,-2.5466628074646,-0.395154416561127,-2.50000047683716,-0.383182942867279,70
738533.39766352402511984110,55.8369445800781,-2.11092758178711,-1.45477759838104,0.0117647647857666,-0.000376105308532715,42.4809989929199,-71.4080352783203,379.127349853516,321.463714599609,-2.16481232643127,-1.53784704208374,114.71760559082,55.8957672119141,-2.52254271507263,-0.402432411909103,-2.50000095367432,-0.377195805311203,70
738533.39766563021112233400,55.8210105895996,-2.09280323982239,-1.51611948013306,0.0117647647857666,-0.000376105308532715,42.4810028076172,-71.4079055786133,378.684783935547,321.451568603516,-2.15017414093018,-1.54748213291168,114.683029174805,55.8807983398438,-2.49966192245483,-0.396345734596252,-2.50000047683716,-0.371258199214935,70
738533.39766783232335001230,55.8039932250977,-2.07509684562683,-1.58209681510925,0.0117647647857666,-0.000376105308532715,42.4810066223145,-71.4077758789062,378.226013183594,321.442199707031,-2.13551783561707,-1.55872893333435,114.647117614746,55.8649673461914,-2.47662782669067,-0.341271877288818,-2.5,-0.364983528852463,70
738533.39766990439966320992,55.7879791259766,-2.05979657173157,-1.6434291601181,0.0117647647857666,-0.000376105308532715,42.4810104370117,-71.4076538085938,377.805694580078,321.4365234375,-2.12199974060059,-1.56952428817749,114.614196777344,55.8501777648926,-2.45629525184631,-0.288224011659622,-2.5,-0.35917404294014,70
738533.39767209917772561312,55.7706871032715,-2.04441094398499,-1.70800149440765,0.0117647647857666,-0.000376105308532715,42.481014251709,-71.4075241088867,377.363037109375,321.433349609375,-2.1079249382019,-1.58064377307892,114.579139709473,55.8342781066895,-2.43563079833984,-0.258281916379929,-2.49999904632568,-0.352938592433929,70
738533.39767421595752239227,55.7536468505859,-2.03027725219727,-1.77030229568481,0.0117647647857666,-0.000376105308532715,42.4810180664062,-71.4074020385742,376.936798095703,321.432983398438,-2.09479999542236,-1.59106361865997,114.545082092285,55.8186836242676,-2.41655397415161,-0.24632953107357,-2.49999904632568,-0.346855521202087,70
738533.39767642389051616192,55.7362098693848,-2.01689958572388,-1.83318257331848,0.0117647647857666,-0.000376105308532715,42.4810180664062,-71.4072799682617,376.509521484375,321.435089111328,-2.08235573768616,-1.60131251811981,114.510528564453,55.8028106689453,-2.39822292327881,-0.236335605382919,-2.49999928474426,-0.340661525726318,70
738533.39767876698169857264,55.7168006896973,-2.00327444076538,-1.90225827693939,0.0117647647857666,-0.000376105308532715,42.4810218811035,-71.4071426391602,376.043212890625,321.440185546875,-2.06960344314575,-1.61223185062408,114.472244262695,55.7852439880371,-2.37909293174744,-0.226628571748734,-2.50000023841858,-0.333759754896164,70
738533.39768109819851815701,55.696949005127,-1.99070358276367,-1.97183477878571,0.0117647647857666,-0.000376105308532715,42.481029510498,-71.4070053100586,375.574676513672,321.447875976562,-2.05773258209229,-1.62272047996521,114.433280944824,55.7673835754395,-2.36088085174561,-0.227239921689034,-2.50000047683716,-0.32672181725502,70
738533.39768339123111218214,55.6775169372559,-1.97967863082886,-2.03905129432678,0.0117647647857666,-0.000376105308532715,42.4810333251953,-71.406867980957,375.123077392578,321.457763671875,-2.04724860191345,-1.63237035274506,114.395309448242,55.7500038146973,-2.34434151649475,-0.236187428236008,-2.50000047683716,-0.319863438606262,70
738533.39768563385587185621,55.6588668823242,-1.97113621234894,-2.10276889801025,0.0117647647857666,-0.000376105308532715,42.4810371398926,-71.40673828125,374.696563720703,321.468841552734,-2.03005123138428,-1.63972997665405,114.359077453613,55.7334403991699,-2.32968854904175,-0.245990633964539,-2.50000023841858,-0.313315987586975,70
738533.39768788602668792009,55.6389579772949,-1.95798003673553,-2.16916704177856,0.0117647647857666,-0.000376105308532715,42.4810409545898,-71.406608581543,374.254852294922,321.490539550781,-1.99622535705566,-1.6421138048172,114.321067810059,55.7156410217285,-2.31546831130981,-0.254085570573807,-2.5,-0.306418240070343,70
738533.39769025833811610937,55.6173210144043,-1.93895053863525,-2.23878908157349,0.0117647647857666,-0.000376105308532715,42.4810447692871,-71.4064712524414,373.794860839844,321.535614013672,-1.96070516109467,-1.64077806472778,114.280662536621,55.6961212158203,-2.3010950088501,-0.264683157205582,-2.49999952316284,-0.299090296030045,70
738533.39769261481706053019,55.5947570800781,-1.91697764396667,-2.30850481987,0.0117647647857666,-0.000376105308532715,42.4810485839844,-71.4063262939453,373.335784912109,321.58544921875,-1.92919731140137,-1.63857889175415,114.23934173584,55.6756782531738,-2.28628706932068,-0.287540167570114,-2.49999952316284,-0.291637897491455,70
738533.39769492403138428926,55.5727615356445,-1.89528775215149,-2.37447643280029,0.0117647647857666,-0.000376105308532715,42.4810523986816,-71.4061965942383,372.906036376953,321.636779785156,-1.90272176265717,-1.63641929626465,114.199615478516,55.6557464599609,-2.27139711380005,-0.303571432828903,-2.49999976158142,-0.28455638885498,70
738533.39769711205735802650,55.5508880615234,-1.87426590919495,-2.43900585174561,0.0117647647857666,-0.000376105308532715,42.4810600280762,-71.4060668945312,372.494110107422,321.6904296875,-1.87925839424133,-1.63467490673065,114.160400390625,55.635986328125,-2.25589370727539,-0.291550695896149,-2.5,-0.277651876211166,70
738533.39769930776674300432,55.527759552002,-1.85313034057617,-2.50624871253967,0.0117647647857666,-0.000376105308532715,42.4810638427734,-71.4059371948242,372.073028564453,321.749908447266,-1.85661971569061,-1.63323175907135,114.118980407715,55.6151733398438,-2.23872876167297,-0.250410258769989,-2.50000047683716,-0.270435810089111,70
738533.39770140871405601501,55.5058326721191,-1.83426082134247,-2.56991386413574,0.0117647647857666,-0.000376105308532715,42.4810676574707,-71.4058151245117,371.686340332031,321.80859375,-1.83641469478607,-1.63257038593292,114.079872131348,55.5955619812012,-2.22199606895447,-0.15261298418045,-2.50000023841858,-0.263720870018005,70
738533.39770361490081995726,55.4824523925781,-1.81998300552368,-2.636225938797,0.0117647647857666,-0.000376105308532715,42.481071472168,-71.4056854248047,371.28369140625,321.873413085938,-1.80189454555511,-1.5712343454361,114.037864685059,55.5748558044434,-2.20378541946411,-0.0266130566596985,-2.5,-0.256570309400558,70
738533.39770578336901962757,55.4588508605957,-1.80074381828308,-2.6937370300293,0.0117647647857666,-0.000376105308532715,42.4810791015625,-71.4055557250977,370.891662597656,321.939727783203,-1.73693144321442,-1.24289429187775,113.995948791504,55.5534248352051,-2.18594813346863,0.0333337262272835,-2.50000047683716,-0.249507695436478,70
738533.39770790969487279654,55.434383392334,-1.77215301990509,-2.73507571220398,0.0117647647857666,-0.000376105308532715,42.4810829162598,-71.4054336547852,370.505920410156,321.786224365234,-1.67485094070435,-0.626126050949097,113.953430175781,55.530101776123,-2.16799330711365,0.0256647355854511,-2.50000047683716,-0.242416143417358,70
738533.39771015255246311426,55.4084854125977,-1.7407386302948,-2.75462365150452,0.0117647647857666,-0.000376105308532715,42.481086730957,-71.4053039550781,370.119171142578,320.972106933594,-1.64771854877472,0.170222476124763,113.908981323242,55.5042190551758,-2.14846348762512,0.0257242415100336,-2.5,-0.235119342803955,70
738533.39771241089329123497,55.3814849853516,-1.71968281269073,-2.74849581718445,0.0117647647857666,-0.000376105308532715,42.4810943603516,-71.4051742553711,369.728240966797,320.143920898438,-1.63161849975586,1.01292836666107,113.862167358398,55.4763031005859,-2.12677431106567,0.0755341500043869,-2.50000023841858,-0.227589756250381,70
738533.39771471149288117886,55.3534927368164,-1.70416462421417,-2.71417617797852,0.0117647647857666,-0.000376105308532715,42.4810981750488,-71.4050369262695,369.330291748047,319.297027587891,-1.61335122585297,1.87782406806946,113.81258392334,55.4461936950684,-2.10371398925781,0.162551373243332,-2.5,-0.219787687063217,70
738533.39771697344258427620,55.3252258300781,-1.6922619342804,-2.65275478363037,0.0117647647857666,-0.000376105308532715,42.4811019897461,-71.4049072265625,368.937316894531,318.458404541016,-1.5843231678009,2.67546725273132,113.761924743652,55.4146308898926,-2.08127975463867,0.283524245023727,-2.50000023841858,-0.211999118328094,70
738533.39771921094506978989,55.2970771789551,-1.68183577060699,-2.56848382949829,0.0117647647857666,-0.000376105308532715,42.4811096191406,-71.4047775268555,368.555938720703,317.642700195312,-1.553990483284,3.36588215827942,113.711364746094,55.3822402954102,-2.06066513061523,0.43256339430809,-2.5,-0.204372212290764,70
738533.39772137382533401251,55.2688064575195,-1.66639482975006,-2.46771717071533,0.0117647647857666,-0.000376105308532715,42.4811134338379,-71.4046478271484,368.189514160156,316.857482910156,-1.49938905239105,3.77772927284241,113.661460876465,55.3489608764648,-2.04224252700806,0.558114409446716,-2.5,-0.196990191936493,70
738533.39772360073402523994,55.2381858825684,-1.64426004886627,-2.34799599647522,0.0117647647857666,-0.000376105308532715,42.4811172485352,-71.4045181274414,367.811859130859,316.044586181641,-1.45300018787384,4.1530590057373,113.608169555664,55.3125114440918,-2.02399110794067,0.658097684383392,-2.50000023841858,-0.189268097281456,70
738533.39772575162351131439,55.208179473877,-1.62281763553619,-2.22482943534851,0.0117647647857666,-0.000376105308532715,42.4811210632324,-71.4043960571289,367.458465576172,315.280456542969,-1.41822600364685,4.32538032531738,113.556648254395,55.2768173217773,-2.00678849220276,0.755760252475739,-2.5,-0.181990399956703,70
738533.39772793767042458057,55.1762733459473,-1.6008563041687,-2.09226870536804,0.0117647647857666,-0.000376105308532715,42.4811248779297,-71.4042663574219,367.097442626953,314.496215820312,-1.39197838306427,4.33478403091431,113.501983642578,55.2391319274902,-1.98853957653046,0.801590800285339,-2.50000023841858,-0.174459502100945,70
738533.39773036795668303967,55.139331817627,-1.57614386081696,-1.94061684608459,0.0117647647857666,-0.000376105308532715,42.481128692627,-71.4041213989258,366.694519042969,314.163116455078,-1.367791056633,4.33712768554688,113.438858032227,55.1959800720215,-1.96719586849213,0.808279871940613,-2.50000023841858,-0.166012793779373,70
738533.39773250522557646036,55.1072387695312,-1.55670499801636,-1.81063044071198,0.0117647647857666,-0.000376105308532715,42.4811325073242,-71.4039993286133,366.355224609375,313.98193359375,-1.350541472435,4.34576749801636,113.383804321289,55.1589469909668,-1.94836401939392,0.798757970333099,-2.49999976158142,-0.158830463886261,70
738533.39773456822149455547,55.0752258300781,-1.53889882564545,-1.68243038654327,0.0117647647857666,-0.000376105308532715,42.4811363220215,-71.4038848876953,366.025482177734,313.806701660156,-1.33471870422363,4.35758399963379,113.328857421875,55.1224021911621,-1.92955029010773,0.782939970493317,-2.5,-0.151831686496735,70
738533.39773666905239224434,55.0428352355957,-1.52248358726501,-1.55405211448669,0.0117647647857666,-0.000376105308532715,42.4811401367188,-71.4037628173828,365.699798583984,313.634368896484,-1.31963884830475,4.3789849281311,113.273254394531,55.0858116149902,-1.91070008277893,0.766967117786407,-2.5,-0.144902572035789,70
738533.39773885475005954504,55.0087814331055,-1.50701856613159,-1.42029523849487,0.0117647647857666,-0.000376105308532715,42.481143951416,-71.4036331176758,365.365051269531,313.457946777344,-1.30543172359467,4.40172815322876,113.214714050293,55.0477447509766,-1.89130771160126,0.752633452415466,-2.5,-0.137757912278175,70
738533.39774123753886669874,54.9695777893066,-1.49134016036987,-1.26747095584869,0.0117647647857666,-0.000376105308532715,42.4811477661133,-71.4034957885742,364.988006591797,313.259796142578,-1.29106676578522,4.4328351020813,113.147529602051,55.0044097900391,-1.86987948417664,0.73612105846405,-2.5,-0.129754543304443,70
738533.39774336258415132761,54.9362869262695,-1.48341417312622,-1.13324046134949,0.0117647647857666,-0.000376105308532715,42.4811477661133,-71.4033737182617,364.667877197266,313.091857910156,-1.31816923618317,4.68914127349854,113.089408874512,54.9679908752441,-1.8522697687149,0.692849695682526,-2.5,-0.122965030372143,70
738533.39774545258842408657,54.9027442932129,-1.48749816417694,-0.991568088531494,0.0117647647857666,-0.000376105308532715,42.4811515808105,-71.4032516479492,364.343505859375,312.921020507812,-1.34767377376556,4.98321533203125,113.030288696289,54.9318389892578,-1.83580327033997,0.712623000144958,-2.49999952316284,-0.116157464683056,70
738533.39774752408266067505,54.8704605102539,-1.49765932559967,-0.847511470317841,0.0117647647857666,-0.000376105308532715,42.4811515808105,-71.4031295776367,364.027709960938,312.753326416016,-1.36804866790771,5.19716691970825,112.973068237305,54.8974380493164,-1.82235884666443,0.756469070911407,-2.49999976158142,-0.109639257192612,70
738533.39774969639256596565,54.8369293212891,-1.51158475875854,-0.690743207931519,0.0117647647857666,-0.000376105308532715,42.4811553955078,-71.4030075073242,363.695037841797,312.574737548828,-1.38474786281586,5.37955379486084,112.913475036621,54.8621063232422,-1.81186532974243,0.79775869846344,-2.50000023841858,-0.102880872786045,70
738533.39775186765473335981,54.8032379150391,-1.52878606319427,-0.526605188846588,0.0117647647857666,-0.000376105308532715,42.4811553955078,-71.4028854370117,363.355346679688,312.390075683594,-1.40285193920135,5.5600905418396,112.853805541992,54.8270835876465,-1.80545198917389,0.835233986377716,-2.50000047683716,-0.0961403772234917,70
738533.39775408548302948475,54.7698097229004,-1.54865312576294,-0.357241809368134,0.0117647647857666,-0.000376105308532715,42.4811553955078,-71.4027557373047,363.012481689453,312.201171875,-1.42251205444336,5.73970699310303,112.795112609863,54.7928657531738,-1.80338573455811,0.870658814907074,-2.50000047683716,-0.0894987136125565,70
738533.39775621204171329737,54.7367973327637,-1.57082486152649,-0.183475837111473,0.0117647647857666,-0.000376105308532715,42.4811592102051,-71.4026336669922,362.667572021484,312.008422851562,-1.4436571598053,5.91812372207642,112.737892150879,54.7596397399902,-1.80551397800446,0.904085636138916,-2.50000023841858,-0.0829975157976151,70
738533.39775833941530436277,54.7048797607422,-1.59452378749847,-0.00923176482319832,0.0117647647857666,-0.000376105308532715,42.4811592102051,-71.4025115966797,362.327697753906,311.815765380859,-1.46585130691528,6.09158611297607,112.683479309082,54.7281112670898,-1.81136786937714,0.935298085212708,-2.5,-0.0767767950892448,70
738533.39776042418088763952,54.6730079650879,-1.62035071849823,0.171013310551643,0.0117647647857666,-0.000376105308532715,42.4811592102051,-71.4023895263672,361.981506347656,311.616546630859,-1.48984789848328,6.26578378677368,112.630142211914,54.6972808837891,-1.82075893878937,0.965758144855499,-2.5,-0.0706183537840843,70
738533.39776250824797898531,54.641429901123,-1.64801490306854,0.355830073356628,0.0117647647857666,-0.000376105308532715,42.4811592102051,-71.4022674560547,361.631378173828,311.412017822266,-1.51543080806732,6.43930530548096,112.578460693359,54.6674346923828,-1.83335280418396,0.995488047599792,-2.5,-0.064578652381897,70
738533.39776458474807441235,54.610897064209,-1.6766859292984,0.540464997291565,0.0117647647857666,-0.000376105308532715,42.4811592102051,-71.4021530151367,361.285827636719,311.207122802734,-1.54188716411591,6.6079044342041,112.529769897461,54.6393013000488,-1.84843504428864,1.02404642105103,-2.5,-0.0588201954960823,70
738533.39776662318035960197,54.5806121826172,-1.70694196224213,0.729433834552765,0.0117647647857666,-0.000376105308532715,42.4811592102051,-71.4020309448242,360.935882568359,310.996551513672,-1.56980037689209,6.77587652206421,112.482772827148,54.6121673583984,-1.86606812477112,1.05226349830627,-2.5,-0.0531827360391617,70
738533.39776871597860008478,54.5498504638672,-1.73947846889496,0.927261888980865,0.0117647647857666,-0.000376105308532715,42.4811553955078,-71.4019088745117,360.572906494141,310.774810791016,-1.59982061386108,6.94699001312256,112.436508178711,54.5854568481445,-1.88656365871429,1.08089339733124,-2.5,-0.0475345253944397,70
738533.39777072542347013950,54.5207557678223,-1.77389132976532,1.11954116821289,0.0117647647857666,-0.000376105308532715,42.4811553955078,-71.4017944335938,360.221221923828,310.556823730469,-1.62826430797577,7.07739925384521,112.394195556641,54.561092376709,-1.90822100639343,1.12539899349213,-2.5,-0.0422881878912449,70
738533.39777276827953755856,54.4909477233887,-1.8077507019043,1.31943023204803,0.0117647647857666,-0.000376105308532715,42.4811553955078,-71.4016799926758,359.854125976562,310.325836181641,-1.63548755645752,7.05620813369751,112.352554321289,54.5368919372559,-1.93270540237427,1.16466701030731,-2.49999976158142,-0.0370115116238594,70
738533.39777485211379826069,54.460506439209,-1.83654367923737,1.52369010448456,0.0117647647857666,-0.000376105308532715,42.4811515808105,-71.4015579223633,359.473388671875,310.083160400391,-1.64716935157776,6.95501804351807,112.311904907227,54.5127601623535,-1.95968842506409,1.18443596363068,-2.5,-0.0317332185804844,70
738533.39777689008042216301,54.4312286376953,-1.86136937141418,1.71947741508484,0.0117647647857666,-0.000376105308532715,42.4811515808105,-71.4014434814453,359.099029541016,309.841857910156,-1.66580653190613,6.8017373085022,112.274284362793,54.4901809692383,-1.98687565326691,1.18873751163483,-2.5,-0.0267506018280983,70
738533.39777901163324713707,54.4017715454102,-1.88850378990173,1.91750001907349,0.0117647647857666,-0.000376105308532715,42.4811477661133,-71.4013214111328,358.704345703125,309.584777832031,-1.72355782985687,6.502028465271,112.236923217773,54.4683036804199,-2.01552033424377,1.18182611465454,-2.5,-0.0216733627021313,70
738533.39778113411739468575,54.3745346069336,-1.92786014080048,2.10418629646301,0.0117647647857666,-0.000376105308532715,42.481143951416,-71.4011993408203,358.304718017578,309.321380615234,-1.80983865261078,6.08592176437378,112.201721191406,54.4493713378906,-2.04418444633484,1.14079892635345,-2.5,-0.0167604349553585,70
738533.39778337581083178520,54.3491706848145,-1.97712445259094,2.28329634666443,0.0117647647857666,-0.000376105308532715,42.4811401367188,-71.4010772705078,357.884063720703,309.040161132812,-1.89294564723969,5.62926292419434,112.167816162109,54.4330291748047,-2.07491064071655,1.07711112499237,-2.5,-0.0118374610319734,70
738533.39778560737613588572,54.3260269165039,-2.03340172767639,2.45304203033447,0.0117647647857666,-0.000376105308532715,42.4811363220215,-71.4009475708008,357.440338134766,308.739105224609,-1.97311067581177,5.14095783233643,112.135810852051,54.4193840026855,-2.1091296672821,0.99745911359787,-2.49999976158142,-0.00692049041390419,70
738533.39778777351602911949,54.3066482543945,-2.09161329269409,2.60271000862122,0.0117647647857666,-0.000376105308532715,42.4811325073242,-71.4008255004883,356.998382568359,308.434936523438,-2.04960346221924,4.62563943862915,112.107955932617,54.4091987609863,-2.14567494392395,0.922032475471497,-2.49999976158142,-0.00230692257173359,70
738533.39778987073805183172,54.2909507751465,-2.15194821357727,2.73325610160828,0.0117647647857666,-0.000376105308532715,42.481128692627,-71.4007034301758,356.555358886719,308.125915527344,-2.1301863193512,4.04893732070923,112.084106445312,54.402286529541,-2.18499350547791,0.833930432796478,-2.5,0.00205960962921381,70
738533.39779201766941696405,54.2786483764648,-2.21479392051697,2.84726572036743,0.0117647647857666,-0.000376105308532715,42.4811248779297,-71.4005813598633,356.099334716797,307.803649902344,-2.20620465278625,3.46218848228455,112.063758850098,54.398380279541,-2.22822093963623,0.731867909431458,-2.49999928474426,0.00630159676074982,70
738533.39779411407653242350,54.2700042724609,-2.2762987613678,2.94204497337341,0.0117647647857666,-0.000376105308532715,42.4811210632324,-71.4004592895508,355.642242431641,307.476806640625,-2.27812385559082,2.88956761360168,112.047485351562,54.3973388671875,-2.27400469779968,0.629036605358124,-2.49999952316284,0.0103144533932209,70
738533.39779620454646646976,54.2649078369141,-2.33785581588745,3.02073812484741,0.0117647647857666,-0.000376105308532715,42.4811172485352,-71.4003372192383,355.173767089844,307.003540039062,-2.36944007873535,2.33962321281433,112.034912109375,54.3991775512695,-2.32298064231873,0.520477116107941,-2.5,0.0142219783738256,70
738533.39779832132626324892,54.2633781433105,-2.40522170066833,3.08725380897522,0.0117647647857666,-0.000376105308532715,42.4811134338379,-71.4002227783203,354.688507080078,306.482360839844,-2.47590041160583,2.02453970909119,112.02611541748,54.4043235778809,-2.37528085708618,0.354695737361908,-2.5,0.0180626343935728,70
738533.39780038397293537855,54.2648811340332,-2.47526907920837,3.14396286010742,0.0117647647857666,-0.000376105308532715,42.4811058044434,-71.4001007080078,354.205596923828,305.965026855469,-2.58643460273743,1.99828290939331,112.021514892578,54.4122123718262,-2.4286470413208,0.272225826978683,-2.50000047683716,0.0216778684407473,70
738533.39780259644612669945,54.2697982788086,-2.55605340003967,3.20186185836792,0.0117647647857666,-0.000376105308532715,42.4811019897461,-71.3999786376953,353.681518554688,305.405029296875,-2.74887847900391,1.99768614768982,112.021034240723,54.4242248535156,-2.4882128238678,0.230869323015213,-2.50000023841858,0.0254108086228371,70
738533.39780487492680549622,54.280345916748,-2.67580533027649,3.26426100730896,0.0117647647857666,-0.000376105308532715,42.4810981750488,-71.3998413085938,353.081665039062,304.765960693359,-3.00732898712158,2.01054906845093,112.026268005371,54.444206237793,-2.55890655517578,0.20344765484333,-2.50000023841858,0.0294545218348503,70
738533.39780700043775141239,54.2952194213867,-2.81404328346252,3.32223057746887,0.0117647647857666,-0.000376105308532715,42.4810905456543,-71.3997192382812,352.521423339844,304.171112060547,-3.24255132675171,2.27933597564697,112.036727905273,54.4695053100586,-2.62857103347778,0.162017747759819,-2.50000023841858,0.0329416133463383,70
738533.39780911430716514587,54.3139991760254,-2.96818065643311,3.38755393028259,0.0117647647857666,-0.000376105308532715,42.481086730957,-71.3995971679688,351.931030273438,303.546295166016,-3.49251079559326,2.70720171928406,112.053840637207,54.5004234313965,-2.70852732658386,0.197497710585594,-2.50000047683716,0.0363808013498783,70
738533.39781113248318433762,54.3335380554199,-3.12494969367981,3.45774149894714,0.0117647647857666,-0.000376105308532715,42.4810829162598,-71.3994827270508,351.355163574219,303.028442382812,-3.69340491294861,3.10776162147522,112.07633972168,54.5330619812012,-2.79349732398987,0.264952272176743,-2.50000047683716,0.0395082607865334,70
738533.39781322737690061331,54.3566513061523,-3.2908501625061,3.54182767868042,0.0117647647857666,-0.000376105308532715,42.4810752868652,-71.3993606567383,350.724426269531,302.618316650391,-3.89851927757263,3.52300453186035,112.107284545898,54.571231842041,-2.89469361305237,0.35187092423439,-2.50000023841858,0.0427338443696499,70
738533.39781535975635051727,54.3830795288086,-3.47021961212158,3.63837575912476,0.0117647647857666,-0.000376105308532715,42.481071472168,-71.3992385864258,350.047821044922,302.167449951172,-4.12174940109253,3.89548921585083,112.147155761719,54.6150131225586,-3.01088190078735,0.445744395256042,-2.50000023841858,0.0459686703979969,70
738533.39781750587280839682,54.4110374450684,-3.6582350730896,3.7418270111084,0.0117647647857666,-0.000376105308532715,42.4810638427734,-71.3991241455078,349.352508544922,301.576446533203,-4.23482275009155,4.23255825042725,112.194389343262,54.6620979309082,-3.13638782501221,0.548538863658905,-2.5,0.0490634739398956,70
738533.39781961985863745213,54.4444808959961,-3.8101851940155,3.86245274543762,0.0117647647857666,-0.000376105308532715,42.4810600280762,-71.3989944458008,348.592559814453,300.906707763672,-4.30733585357666,4.4293475151062,112.252990722656,54.7141418457031,-3.27962708473206,0.65422660112381,-2.50000023841858,0.0522455014288425,70
738533.39782176306471228600,54.4799385070801,-3.96162128448486,3.98564267158508,0.0117647647857666,-0.000376105308532715,42.4810523986816,-71.3988723754883,347.829376220703,300.028991699219,-4.49388694763184,4.59298753738403,112.318412780762,54.7690010070801,-3.42477059364319,0.705219566822052,-2.49999976158142,0.0552587509155273,70
738533.39782387460581958294,54.5176162719727,-4.13006544113159,4.1113657951355,0.0117647647857666,-0.000376105308532715,42.4810485839844,-71.3987503051758,347.035369873047,298.762817382812,-4.66750621795654,4.63472604751587,112.392250061035,54.828197479248,-3.57389163970947,0.768606185913086,-2.49999976158142,0.0582118779420853,70
738533.39782607054803520441,54.5579452514648,-4.29504156112671,4.24068784713745,0.0117647647857666,-0.000376105308532715,42.4810409545898,-71.3986282348633,346.204406738281,297.201629638672,-4.79151296615601,4.62313604354858,112.474655151367,54.8908004760742,-3.72769069671631,0.795121967792511,-2.5,0.0611157082021236,70
738533.39782814297359436750,54.6003112792969,-4.45530986785889,4.369553565979,0.0117647647857666,-0.000376105308532715,42.4810333251953,-71.3985061645508,345.352813720703,295.625671386719,-4.91350507736206,4.61156797409058,112.563499450684,54.9557723999023,-3.88255500793457,0.805988132953644,-2.49999976158142,0.0639079138636589,70
738533.39783055195584893227,54.6507911682129,-4.64025783538818,4.51731157302856,0.0117647647857666,-0.000376105308532715,42.4810256958008,-71.3983688354492,344.342437744141,293.784820556641,-4.92087030410767,4.59971523284912,112.673484802246,55.033145904541,-4.06184959411621,0.816913902759552,-2.49999976158142,0.066999539732933,70
738533.39783262682612985373,54.6990242004395,-4.74231767654419,4.65121936798096,0.0117647647857666,-0.000376105308532715,42.4810180664062,-71.3982467651367,343.439758300781,292.158874511719,-4.88754415512085,4.58714818954468,112.77628326416,55.1008758544922,-4.21840572357178,0.821428596973419,-2.49999976158142,0.069614976644516,70
738533.39783472218550741673,54.7488403320312,-4.83452415466309,4.7850136756897,0.0117647647857666,-0.000376105308532715,42.4810104370117,-71.3981323242188,342.534851074219,290.539886474609,-5.03932428359985,4.58680582046509,112.883346557617,55.1697769165039,-4.36780786514282,0.770095229148865,-2.5,0.0721033364534378,70
738533.39783673500642180443,54.798023223877,-4.95781517028809,4.91408920288086,0.0117647647857666,-0.000376105308532715,42.4810028076172,-71.3980102539062,341.626525878906,288.927947998047,-5.24796485900879,4.65273094177246,112.993629455566,55.2408485412598,-4.50764417648315,0.733697295188904,-2.5,0.0744686797261238,70
738533.39783881255425512791,54.8486213684082,-5.09522342681885,5.04410934448242,0.0117647647857666,-0.000376105308532715,42.4809951782227,-71.3978958129883,340.687316894531,287.277526855469,-5.43626403808594,4.72928714752197,113.109916687012,55.3152389526367,-4.643798828125,0.750108301639557,-2.5,0.0767762213945389,70
738533.39784085878636687994,54.9009399414062,-5.23809051513672,5.17541742324829,0.0117647647857666,-0.000376105308532715,42.4809875488281,-71.3977737426758,339.722290039062,285.598693847656,-5.6200532913208,4.80440711975098,113.231201171875,55.3925590515137,-4.77775382995605,0.803106725215912,-2.50000023841858,0.0789929628372192,70
738533.39784301328472793102,54.9573516845703,-5.40289402008057,5.31417417526245,0.0117647647857666,-0.000376105308532715,42.4809799194336,-71.3976516723633,338.682464599609,283.808227539062,-5.82624816894531,4.85667324066162,113.363861083984,55.4774017333984,-4.91819429397583,0.866111814975739,-2.5,0.0812327563762665,70
738533.39784523961134254932,55.015811920166,-5.58184623718262,5.45712471008301,0.0117647647857666,-0.000376105308532715,42.4809722900391,-71.3975219726562,337.585479736328,281.941955566406,-5.82707262039185,4.82607984542847,113.505332946777,55.5668678283691,-5.06454133987427,0.916318356990814,-2.50000023841858,0.0834243297576904,70
738533.39784748957026749849,55.0815391540527,-5.68640089035034,5.6115517616272,0.0117647647857666,-0.000376105308532715,42.4809646606445,-71.3973922729492,336.438446044922,280.006500244141,-5.73495149612427,4.80918884277344,113.656265258789,55.6578903198242,-5.21743106842041,0.941020846366882,-2.50000023841858,0.0855538249015808,70
738533.39784967189189046621,55.1496276855469,-5.76534986495972,5.76842355728149,0.0117647647857666,-0.000376105308532715,42.4809532165527,-71.3972702026367,335.283233642578,278.065765380859,-5.76020193099976,4.80779981613159,113.812072753906,55.749397277832,-5.36583423614502,0.921489596366882,-2.5,0.0875586271286011,70
738533.39785175537690520287,55.2132377624512,-5.84177303314209,5.91524839401245,0.0117647647857666,-0.000376105308532715,42.4809455871582,-71.3971481323242,334.190185546875,276.237213134766,-5.73900556564331,4.81515550613403,113.961990356445,55.835636138916,-5.4965124130249,0.909768760204315,-2.5,0.0893278867006302,70
738533.39785384899005293846,55.2793998718262,-5.88726806640625,6.06991624832153,0.0117647647857666,-0.000376105308532715,42.4809341430664,-71.3970184326172,333.054473876953,274.341857910156,-5.69825553894043,4.80220985412598,114.120803833008,55.9224090576172,-5.62160348892212,0.897625625133514,-2.49999976158142,0.0910537168383598,70
738533.39785621443297713995,55.3514518737793,-5.9212212562561,6.24249410629272,0.0117647647857666,-0.000376105308532715,42.4809226989746,-71.3968811035156,331.789855957031,272.233703613281,-5.66999864578247,4.78892230987549,114.299873352051,56.0161819458008,-5.74531555175781,0.879790604114532,-2.49999976158142,0.0928310677409172,70
738533.39785830269102007151,55.4135894775391,-5.93989992141724,6.39461755752563,0.0117647647857666,-0.000376105308532715,42.4809150695801,-71.3967666625977,330.676971435547,270.379028320312,-5.65094804763794,4.77795076370239,114.459419250488,56.0966987609863,-5.83997821807861,0.86509245634079,-2.50000023841858,0.0942887514829636,70
738533.39786048047244548798,55.4766654968262,-5.95064640045166,6.5524001121521,0.0117647647857666,-0.000376105308532715,42.4809036254883,-71.3966369628906,329.524230957031,268.440185546875,-5.63312292098999,4.76708984375,114.625450134277,56.1783256530762,-5.92375802993774,0.85263454914093,-2.50000023841858,0.0956917107105255,70
738533.39786266838200390339,55.5404968261719,-5.9551420211792,6.71613168716431,0.0117647647857666,-0.000376105308532715,42.4808921813965,-71.3965072631836,328.329345703125,266.277435302734,-5.60980463027954,4.75627470016479,114.797691345215,56.2611503601074,-5.9958553314209,0.842184543609619,-2.50000047683716,0.0970315560698509,70
738533.39786471775732934475,55.5981140136719,-5.95264339447021,6.8680534362793,0.0117647647857666,-0.000376105308532715,42.480884552002,-71.3963851928711,327.22314453125,264.272674560547,-5.58535766601562,4.74656391143799,114.956047058105,56.3360862731934,-6.04998588562012,0.834923148155212,-2.50000047683716,0.0981586053967476,70
738533.39786681160330772400,55.655200958252,-5.94470500946045,7.02295303344727,0.0117647647857666,-0.000376105308532715,42.4808731079102,-71.3962631225586,326.097869873047,262.230133056641,-5.55880212783813,4.73698759078979,115.116233825684,56.4106636047363,-6.09381723403931,0.82919979095459,-2.50000047683716,0.0992017164826393,70
738533.39786889322567731142,55.7103958129883,-5.93186283111572,7.17745876312256,0.0117647647857666,-0.000376105308532715,42.4808616638184,-71.3961410522461,324.978576660156,260.194305419922,-5.53014802932739,4.72770977020264,115.274215698242,56.4831924438477,-6.1271538734436,0.824816882610321,-2.50000047683716,0.100129038095474,70
738533.39787098986562341452,55.7642059326172,-5.91435194015503,7.33323526382446,0.0117647647857666,-0.000376105308532715,42.4808502197266,-71.3960189819336,323.853759765625,258.143646240234,-5.49878263473511,4.71851205825806,115.43140411377,56.5544204711914,-6.15132570266724,0.82120680809021,-2.50000047683716,0.100950196385384,70
738533.39787311851978302002,55.81689453125,-5.90158843994141,7.48684072494507,0.0117647647857666,-0.000376105308532715,42.4808387756348,-71.3958969116211,322.721527099609,256.074432373047,-5.46015596389771,4.52020978927612,115.587821960449,56.6251449584961,-6.16717481613159,0.879593253135681,-2.50000047683716,0.101660765707493,70
738533.39787520316895097494,55.8683662414551,-5.89577960968018,7.62248182296753,0.0117647647857666,-0.000376105308532715,42.480827331543,-71.3957748413086,321.612976074219,254.045166015625,-5.36371374130249,3.50647902488708,115.738571166992,56.693359375,-6.17616987228394,0.943786203861237,-2.50000095367432,0.102242514491081,70
738533.39787729398813098669,55.9222068786621,-5.83592319488525,7.73755741119385,0.0117647647857666,-0.000376105308532715,42.4808120727539,-71.3956527709961,320.505279541016,252.011001586914,-5.09940719604492,2.4021155834198,115.887283325195,56.755802154541,-6.18005514144897,0.698942422866821,-2.50000047683716,0.10271942615509,70
738533.39787945407442748547,55.9785957336426,-5.70370531082153,7.8321590423584,0.0117647647857666,-0.000376105308532715,42.4808006286621,-71.3955230712891,319.355590820312,249.881195068359,-4.71559715270996,1.70157814025879,116.040405273438,56.8108978271484,-6.17431449890137,0.396483093500137,-2.49999976158142,0.103101715445518,70
738533.39788149797823280096,56.0295295715332,-5.54377794265747,7.87449073791504,0.0117647647857666,-0.000376105308532715,42.4807891845703,-71.3954010009766,318.325927734375,249.90495300293,-4.33914375305176,-0.522891700267792,116.174659729004,56.8511123657227,-6.15389060974121,0.396771401166916,-2.5,0.103344455361366,70
738533.39788362302351742983,56.0930976867676,-5.29553985595703,7.84076309204102,0.0117647647857666,-0.000376105308532715,42.4807777404785,-71.3952789306641,317.307800292969,250.026519775391,-3.94656372070312,-3.71150612831116,116.304801940918,56.8854637145996,-6.11146879196167,0.04263711348176,-2.5,0.103498041629791,70
738533.39788580674212425947,56.171573638916,-4.95832061767578,7.69936466217041,0.0117647647857666,-0.000376105308532715,42.4807624816895,-71.395149230957,316.278472900391,250.218978881836,-3.62553286552429,-5.99898386001587,116.433410644531,56.9131851196289,-6.03239440917969,-0.650292038917542,-2.49999976158142,0.103567115962505,70
738533.39788795169442892075,56.2482070922852,-4.65262174606323,7.4880633354187,0.0117647647857666,-0.000376105308532715,42.4807510375977,-71.3950271606445,315.349395751953,250.469100952148,-3.42490887641907,-7.54107904434204,116.544418334961,56.9348640441895,-5.91795492172241,-1.18650352954865,-2.49999976158142,0.103557027876377,70
738533.39789012924302369356,56.3276290893555,-4.35974645614624,7.22517442703247,0.0117647647857666,-0.000376105308532715,42.4807395935059,-71.394889831543,314.432006835938,250.801666259766,-3.51959347724915,-7.66259002685547,116.647651672363,56.9562301635742,-5.75771141052246,-1.70840156078339,-2.5,0.103495478630066,70
738533.39789226825814694166,56.3965835571289,-4.18397998809814,6.97338342666626,0.0117647647857666,-0.000376105308532715,42.4807281494141,-71.3947677612305,313.598358154297,251.169204711914,-3.63622641563416,-7.63925695419312,116.733619689941,56.9798965454102,-5.57635879516602,-1.8599568605423,-2.5,0.103439085185528,70
738533.39789440133608877659,56.4618988037109,-4.05618286132812,6.721999168396,0.0117647647857666,-0.000376105308532715,42.4807167053223,-71.3946380615234,312.791046142578,251.573516845703,-3.67678999900818,-7.61892461776733,116.809188842773,57.0051231384277,-5.38203191757202,-1.86252593994141,-2.5,0.103410378098488,70
738533.39789665536954998970,56.527759552002,-3.93942952156067,6.4532470703125,0.0117647647857666,-0.000376105308532715,42.4807052612305,-71.3945083618164,311.956787109375,252.03662109375,-3.65139746665955,-7.60151338577271,116.879737854004,57.0311393737793,-5.17579555511475,-1.78384828567505,-2.50000023841858,0.103445470333099,70
738533.39789912989363074303,56.5956878662109,-3.8192777633667,6.15535688400269,0.0117647647857666,-0.000376105308532715,42.4806938171387,-71.3943557739258,311.064025878906,252.583236694336,-3.5925657749176,-7.58687305450439,116.94701385498,57.0574035644531,-4.96101522445679,-1.66623532772064,-2.50000023841858,0.103595159947872,70
738533.39790126180741935968,56.6496810913086,-3.71872758865356,5.89982748031616,0.0117647647857666,-0.000376105308532715,42.4806861877441,-71.3942337036133,310.322570800781,253.079376220703,-3.52401638031006,-7.57749271392822,116.996971130371,57.0773429870605,-4.79084634780884,-1.56721532344818,-2.50000023841858,0.103840060532093,70
738533.39790333469863981009,56.7001647949219,-3.61641621589661,5.64233875274658,0.0117647647857666,-0.000376105308532715,42.4806747436523,-71.3941040039062,309.597229003906,253.605056762695,-3.45343399047852,-7.56895732879639,117.040687561035,57.0948600769043,-4.63276672363281,-1.482088804245,-2.49999976158142,0.104218035936356,70
738533.39790547231677919626,56.7466468811035,-3.52316355705261,5.39023637771606,0.0117647647857666,-0.000376105308532715,42.4806671142578,-71.3939819335938,308.898956298828,254.151077270508,-3.4444317817688,-7.44711017608643,117.077972412109,57.1108512878418,-4.48796510696411,-1.44256186485291,-2.50000023841858,0.104734279215336,70
738533.39790763880591839552,56.7904663085938,-3.46157097816467,5.14209985733032,0.0117647647857666,-0.000376105308532715,42.4806594848633,-71.3938522338867,308.188629150391,254.741455078125,-3.44878673553467,-6.9393310546875,117.110992431641,57.127758026123,-4.34879875183105,-1.49237060546875,-2.50000023841858,0.105433292686939,70
738533.39790971041657030582,56.8273658752441,-3.42011618614197,4.93337917327881,0.0117647647857666,-0.000376105308532715,42.4806518554688,-71.3937225341797,307.515991210938,255.323486328125,-3.45776724815369,-5.30337619781494,117.138069152832,57.1435470581055,-4.22809219360352,-1.50579583644867,-2.50000047683716,0.106263883411884,70
738533.39791185932699590921,56.8577919006348,-3.37331032752991,4.76584815979004,0.0117647647857666,-0.000376105308532715,42.4806442260742,-71.3936004638672,306.836029052734,255.934234619141,-3.44070553779602,-3.55876207351685,117.161994934082,57.156810760498,-4.1181492805481,-1.2819150686264,-2.50000023841858,0.107290752232075,70
738533.39791401952970772982,56.8805656433105,-3.32363367080688,4.64587116241455,0.0117647647857666,-0.000376105308532715,42.4806365966797,-71.3934707641602,306.165435791016,255.683776855469,-3.39868497848511,-2.17106485366821,117.182571411133,57.1666831970215,-4.02090501785278,-0.962912023067474,-2.50000047683716,0.108496554195881,70
738533.39791608147788792849,56.8971519470215,-3.27630543708801,4.55812788009644,0.0117647647857666,-0.000376105308532715,42.4806289672852,-71.3933410644531,305.518920898438,255.002197265625,-3.34282279014587,-1.77463090419769,117.199668884277,57.1733894348145,-3.93639540672302,-0.514958798885345,-2.50000047683716,0.109838008880615,70
738533.39791824249550700188,56.9109001159668,-3.22034645080566,4.48193025588989,0.0117647647857666,-0.000376105308532715,42.4806213378906,-71.3932189941406,304.865539550781,254.312744140625,-3.28987574577332,-1.72897350788116,117.214317321777,57.1778717041016,-3.85827207565308,-0.337673246860504,-2.5,0.111383020877838,70
738533.39792045939248055220,56.9227561950684,-3.16891288757324,4.4113655090332,0.0117647647857666,-0.000376105308532715,42.4806137084961,-71.3930816650391,304.183380126953,253.592224121094,-3.23299074172974,-1.2703320980072,117.226837158203,57.1813125610352,-3.78238558769226,-0.295281678438187,-2.5,0.113191470503807,70
738533.39792264148127287626,56.9301261901855,-3.11594843864441,4.35969209671021,0.0117647647857666,-0.000376105308532715,42.4806098937988,-71.392951965332,303.548950195312,252.921508789062,-3.16999816894531,-0.720533132553101,117.236366271973,57.1817741394043,-3.71623063087463,-0.212496772408485,-2.49999976158142,0.115026332437992,70
738533.39792487735394388437,56.9333114624023,-3.05305314064026,4.31993579864502,0.0117647647857666,-0.000376105308532715,42.4806022644043,-71.3928146362305,302.8837890625,252.217636108398,-3.04513335227966,-0.419265449047089,117.244430541992,57.1785354614258,-3.64963436126709,-0.086453415453434,-2.49999976158142,0.11713283509016,70
738533.39792706293519586325,56.9319152832031,-2.96882104873657,4.29000997543335,0.0117647647857666,-0.000376105308532715,42.4805946350098,-71.3926849365234,302.261657714844,251.558380126953,-2.87757039070129,-0.353714197874069,117.249687194824,57.1704559326172,-3.58795833587646,-0.0173661913722754,-2.49999976158142,0.119261614978313,70
738533.39792928320821374655,56.925910949707,-2.86119794845581,4.2627420425415,0.0117647647857666,-0.000376105308532715,42.4805870056152,-71.3925552368164,301.656707763672,250.916229248047,-2.69564127922058,-0.327623039484024,117.251831054688,57.1569480895996,-3.52450156211853,0.00638624466955662,-2.5,0.121503487229347,70
738533.39793139649555087090,56.9142379760742,-2.7403666973114,4.23653841018677,0.0117647647857666,-0.000376105308532715,42.4805793762207,-71.3924255371094,301.079803466797,250.198486328125,-2.43872284889221,-0.333976536989212,117.249824523926,57.137451171875,-3.45659589767456,0.0148131838068366,-2.50000023841858,0.123812854290009,70
738533.39793354307767003775,56.8953170776367,-2.56458950042725,4.20987844467163,0.0117647647857666,-0.000376105308532715,42.4805755615234,-71.3922958374023,300.531127929688,249.393692016602,-2.10559916496277,-0.347776174545288,117.24227142334,57.108470916748,-3.38022994995117,0.0103970775380731,-2.50000047683716,0.126206398010254,70
738533.39793569513130933046,56.8681144714355,-2.33796334266663,4.18225717544556,0.0117647647857666,-0.000376105308532715,42.4805679321289,-71.3921585083008,300.009155273438,248.577850341797,-1.88989043235779,-0.334114611148834,117.226699829102,57.0696029663086,-3.28728628158569,-0.032256692647934,-2.5,0.128735959529877,70
738533.39793782751075923443,56.8367080688477,-2.17028331756592,4.15596008300781,0.0117647647857666,-0.000376105308532715,42.4805603027344,-71.3920364379883,299.546813964844,247.814239501953,-1.80594146251678,-0.309881627559662,117.203109741211,57.0297584533691,-3.18053770065308,-0.0612901039421558,-2.5,0.131205290555954,70
738533.39793996769003570080,56.8008155822754,-2.00670170783997,4.12938642501831,0.0117647647857666,-0.000376105308532715,42.4805526733398,-71.3919067382812,299.106842041016,247.067794799805,-1.70522904396057,-0.307566434144974,117.169868469238,56.9860649108887,-3.05652475357056,-0.0807994231581688,-2.49999976158142,0.13378569483757,70
738533.39794209378305822611,56.7635917663574,-1.87520396709442,4.10343456268311,0.0117647647857666,-0.000376105308532715,42.4805488586426,-71.3917770385742,298.706939697266,246.370407104492,-1.71478044986725,-0.311745494604111,117.128929138184,56.9426040649414,-2.92557334899902,-0.101305074989796,-2.49999928474426,0.13633793592453,70
738533.39794423081912100315,56.7244644165039,-1.78163683414459,4.0765175819397,0.0117647647857666,-0.000376105308532715,42.480541229248,-71.3916549682617,298.315795898438,245.67366027832,-1.71472799777985,-0.32327800989151,117.078674316406,56.8986549377441,-2.78601908683777,-0.112347938120365,-2.49999976158142,0.139009580016136,70
738533.39794646715745329857,56.6838188171387,-1.70778441429138,4.04902744293213,0.0117647647857666,-0.000376105308532715,42.4805335998535,-71.3915176391602,297.931762695312,244.977600097656,-1.7073667049408,-0.306464642286301,117.019973754883,56.8539047241211,-2.64574551582336,-0.124323762953281,-2.49999904632568,0.14178878068924,70
738533.39794857730157673359,56.6429977416992,-1.65422475337982,4.02256393432617,0.0117647647857666,-0.000376105308532715,42.4805297851562,-71.3913879394531,297.563201904297,244.300140380859,-1.70396840572357,-0.253358691930771,116.95588684082,56.809741973877,-2.51476502418518,-0.123373702168465,-2.49999928474426,0.144578605890274,70
738533.39795080083422362804,56.6011085510254,-1.61280810832977,3.99699521064758,0.0117647647857666,-0.000376105308532715,42.4805221557617,-71.3912582397461,297.199615478516,243.624771118164,-1.67229068279266,-0.234087109565735,116.886291503906,56.7649765014648,-2.39421963691711,-0.105564117431641,-2.49999976158142,0.147435560822487,70
738533.39795290736947208643,56.560230255127,-1.57432019710541,3.97291946411133,0.0117647647857666,-0.000376105308532715,42.4805183410645,-71.3911361694336,296.859069824219,242.986099243164,-1.64255964756012,-0.243634700775146,116.816230773926,56.7214431762695,-2.29158115386963,-0.100745029747486,-2.5,0.150196716189384,70
738533.39795516361482441425,56.5156440734863,-1.53807282447815,3.94712138175964,0.0117647647857666,-0.000376105308532715,42.4805107116699,-71.390998840332,296.498870849609,242.304153442383,-1.62553226947784,-0.225357994437218,116.737144470215,56.674186706543,-2.19397234916687,-0.107786096632481,-2.49999976158142,0.153224676847458,70
738533.39795743674039840698,56.4715423583984,-1.51268124580383,3.92242312431335,0.0117647647857666,-0.000376105308532715,42.4805030822754,-71.390869140625,296.151092529297,241.64094543457,-1.59840953350067,-0.193907633423805,116.657066345215,56.6278076171875,-2.11104893684387,-0.101625688374043,-2.5,0.156228229403496,70
738533.39795967354439198971,56.4258766174316,-1.48513960838318,3.89770722389221,0.0117647647857666,-0.000376105308532715,42.4804954528809,-71.3907318115234,295.80126953125,240.969131469727,-1.56981062889099,-0.201658681035042,116.573127746582,56.5798301696777,-2.03831171989441,-0.0991327539086342,-2.5,0.159331664443016,70
738533.39796189765911549330,56.3814926147461,-1.46129834651947,3.87267518043518,0.0117647647857666,-0.000376105308532715,42.4804916381836,-71.3906021118164,295.467926025391,240.324676513672,-1.54569721221924,-0.209369599819183,116.490432739258,56.5332298278809,-1.97795653343201,-0.0647419840097427,-2.50000047683716,0.162347391247749,70
738533.39796416554600000381,56.3355331420898,-1.43874621391296,3.84657597541809,0.0117647647857666,-0.000376105308532715,42.4804840087891,-71.3904647827148,295.128662109375,239.664779663086,-1.52599012851715,-0.210462749004364,116.403625488281,56.4850311279297,-1.92424833774567,-0.0228861309587955,-2.50000047683716,0.165495648980141,70
738533.39796632644720375538,56.2908973693848,-1.46234631538391,3.84094595909119,0.0117647647857666,-0.000376105308532715,42.4804801940918,-71.3903350830078,294.804595947266,239.03303527832,-1.63767373561859,0.919780194759369,116.319389343262,56.4407348632812,-1.87983870506287,-0.329845726490021,-2.50000047683716,0.168537989258766,70
738533.39796869514975696802,56.2431259155273,-1.5164053440094,3.88289022445679,0.0117647647857666,-0.000376105308532715,42.4804725646973,-71.3901977539062,294.449157714844,238.350784301758,-1.66736769676208,3.82514524459839,116.229339599609,56.3973922729492,-1.84405303001404,-0.148935213685036,-2.5,0.171818375587463,70
738533.39797103393357247114,56.1857757568359,-1.53681099414825,3.98796057701111,0.0117647647857666,-0.000376105308532715,42.4804649353027,-71.3900604248047,294.082397460938,237.654022216797,-1.56723260879517,4.49730396270752,116.139221191406,56.348087310791,-1.82298398017883,0.404366791248322,-2.5,0.17515230178833,70
738533.39797337190248072147,56.12255859375,-1.52784752845764,4.1215500831604,0.0117647647857666,-0.000376105308532715,42.4804573059082,-71.3899230957031,293.707702636719,236.94255065918,-1.49410223960876,4.70095014572144,116.04817199707,56.2944297790527,-1.81276738643646,0.616602301597595,-2.49999976158142,0.178574174642563,70
738533.39797566621564328671,56.0599975585938,-1.51108264923096,4.25857639312744,0.0117647647857666,-0.000376105308532715,42.4804496765137,-71.3897857666016,293.352081298828,236.265167236328,-1.45569789409637,4.88824605941772,115.96183013916,56.2418212890625,-1.807772397995,0.735040187835693,-2.49999952316284,0.181832924485207,70
738533.39797802525572478771,55.9960823059082,-1.49788856506348,4.40347146987915,0.0117647647857666,-0.000376105308532715,42.4804458618164,-71.3896484375,292.999420166016,235.591049194336,-1.43950140476227,5.10029697418213,115.875747680664,56.1889266967773,-1.80360734462738,0.79044908285141,-2.49999952316284,0.185066476464272,70
738533.39798016496933996677,55.933292388916,-1.48931419849396,4.55044746398926,0.0117647647857666,-0.000376105308532715,42.4804382324219,-71.389518737793,292.661529541016,234.943572998047,-1.43074369430542,5.32754611968994,115.793006896973,56.1378479003906,-1.79899799823761,0.83380001783371,-2.5,0.188139572739601,70
738533.39798237651120871305,55.8702049255371,-1.48233604431152,4.70189237594604,0.0117647647857666,-0.000376105308532715,42.4804306030273,-71.3893966674805,292.329833984375,234.307159423828,-1.41530919075012,5.47046422958374,115.711563110352,56.0872955322266,-1.79373252391815,0.867802977561951,-2.50000047683716,0.191120788455009,70
738533.39798456605058163404,55.8051986694336,-1.47620332241058,4.86082458496094,0.0117647647857666,-0.000376105308532715,42.4804229736328,-71.3892669677734,291.994445800781,233.662734985352,-1.40326464176178,5.61024188995361,115.628921508789,56.035945892334,-1.78781116008759,0.883105754852295,-2.50000047683716,0.1940798163414,70
738533.39798685873392969370,55.7335205078125,-1.47161042690277,5.03883409500122,0.0117647647857666,-0.000376105308532715,42.480411529541,-71.3891220092773,291.630889892578,232.963577270508,-1.39373373985291,5.762451171875,115.538887023926,55.9801826477051,-1.78099298477173,0.893262565135956,-2.50000047683716,0.197225868701935,70
738533.39798918680753558874,55.6645088195801,-1.47126710414886,5.21185159683228,0.0117647647857666,-0.000376105308532715,42.4804039001465,-71.3889923095703,291.285980224609,232.300308227539,-1.37508594989777,5.85310506820679,115.453765869141,55.9273223876953,-1.77460563182831,0.916108250617981,-2.50000047683716,0.200099840760231,70
738533.39799151138868182898,55.5925903320312,-1.46230340003967,5.39229536056519,0.0117647647857666,-0.000376105308532715,42.480396270752,-71.3888549804688,290.934326171875,231.623565673828,-1.34031414985657,5.87312889099121,115.366897583008,55.8726348876953,-1.76853883266449,0.914766669273376,-2.49999976158142,0.202928051352501,70
738533.39799388276878744364,55.5206298828125,-1.45145058631897,5.57069158554077,0.0117647647857666,-0.000376105308532715,42.4803848266602,-71.3887176513672,290.589141845703,230.957855224609,-1.30819046497345,5.85124683380127,115.281234741211,55.8182754516602,-1.76247572898865,0.916462123394012,-2.49999976158142,0.2055973559618,70
738533.39799619186669588089,55.4463920593262,-1.43745219707489,5.75171947479248,0.0117647647857666,-0.000376105308532715,42.4803771972656,-71.3885803222656,290.23828125,230.279220581055,-1.2870786190033,5.73117637634277,115.193397521973,55.762451171875,-1.75555658340454,0.918919503688812,-2.50000047683716,0.208196386694908,70
738533.39799854601733386517,55.3727760314941,-1.4277948141098,5.92654657363892,0.0117647647857666,-0.000376105308532715,42.4803657531738,-71.3884429931641,289.890502929688,229.604598999023,-1.2829362154007,5.490318775177,115.105491638184,55.707332611084,-1.74752724170685,0.920281946659088,-2.50000023841858,0.210645124316216,70
738533.39800089749041944742,55.3009452819824,-1.42790639400482,6.08825159072876,0.0117647647857666,-0.000376105308532715,42.480354309082,-71.3883056640625,289.540283203125,228.925018310547,-1.28840100765228,4.80107355117798,115.016792297363,55.653392791748,-1.7388950586319,0.929998815059662,-2.5,0.212956339120865,70
738533.39800307911355048418,55.2366523742676,-1.4248913526535,6.22150135040283,0.0117647647857666,-0.000376105308532715,42.4803466796875,-71.3881759643555,289.214111328125,228.292114257812,-1.27749848365784,4.17563533782959,114.934417724609,55.6041793823242,-1.73131561279297,0.776454329490662,-2.50000023841858,0.214963689446449,70
738533.39800521777942776680,55.1758117675781,-1.40790522098541,6.33860397338867,0.0117647647857666,-0.000376105308532715,42.4803352355957,-71.3880462646484,288.900512695312,227.68180847168,-1.30038833618164,4.14325475692749,114.854965209961,55.5565490722656,-1.72430825233459,0.643772065639496,-2.50000047683716,0.216779738664627,70
738533.39800747332628816366,55.1136131286621,-1.41293251514435,6.45651054382324,0.0117647647857666,-0.000376105308532715,42.4803237915039,-71.3879165649414,288.573760986328,227.045379638672,-1.34342777729034,4.13154077529907,114.772094726562,55.5084953308105,-1.71659719944,0.576457440853119,-2.49999976158142,0.218548253178596,70
738533.39800980594009160995,55.0509452819824,-1.43189632892609,6.57377481460571,0.0117647647857666,-0.000376105308532715,42.4803123474121,-71.3877868652344,288.236694335938,226.392028808594,-1.2964278459549,4.06597185134888,114.687767028809,55.4605407714844,-1.71001017093658,0.569615542888641,-2.5,0.220214873552322,70
738533.39801216346677392721,54.9855651855469,-1.41531908512115,6.69139385223389,0.0117647647857666,-0.000376105308532715,42.4803009033203,-71.3876495361328,287.891845703125,225.723876953125,-1.20789539813995,3.84052801132202,114.602058410645,55.4092979431152,-1.70592653751373,0.572341084480286,-2.5,0.221781834959984,70
738533.39801456336863338947,54.9188346862793,-1.38388705253601,6.8033618927002,0.0117647647857666,-0.000376105308532715,42.4802894592285,-71.3875122070312,287.544647216797,225.580703735352,-1.1834477186203,3.51597666740417,114.51456451416,55.3559303283691,-1.7015643119812,0.551568627357483,-2.5,0.223238378763199,70
738533.39801693696063011885,54.8554039001465,-1.3620867729187,6.90166997909546,0.0117647647857666,-0.000376105308532715,42.4802780151367,-71.3873748779297,287.206359863281,225.643447875977,-1.20899951457977,3.10870027542114,114.427810668945,55.3046417236328,-1.69421768188477,0.51753443479538,-2.50000047683716,0.224534273147583,70
738533.39801925141364336014,54.7961654663086,-1.34729540348053,6.98376226425171,0.0117647647857666,-0.000376105308532715,42.4802627563477,-71.3872375488281,286.873077392578,225.791793823242,-1.24749219417572,2.54905772209167,114.341499328613,55.2558403015137,-1.6838173866272,0.466560065746307,-2.50000047683716,0.225685745477676,70
738533.39802155736833810806,54.7441940307617,-1.33784365653992,7.0451774597168,0.0117647647857666,-0.000376105308532715,42.4802513122559,-71.3871078491211,286.560577392578,225.936569213867,-1.2811222076416,2.04016900062561,114.260620117188,55.2118759155273,-1.67227804660797,0.358021557331085,-2.50000047683716,0.226650103926659,70
738533.39802381175104528666,54.6946563720703,-1.3309668302536,7.09717845916748,0.0117647647857666,-0.000376105308532715,42.4802398681641,-71.3869705200195,286.24267578125,226.296325683594,-1.37468266487122,2.00468683242798,114.178649902344,55.1692543029785,-1.65974974632263,0.234071001410484,-2.50000047683716,0.227529659867287,70
738533.39802603644784539938,54.6501998901367,-1.34480214118958,7.14353084564209,0.0117647647857666,-0.000376105308532715,42.4802284240723,-71.386848449707,285.936859130859,226.639526367188,-1.46138668060303,1.99379634857178,114.101493835449,55.1315040588379,-1.6483381986618,0.192733347415924,-2.5,0.228269696235657,70
738533.39802817953750491142,54.6086540222168,-1.36846828460693,7.18841743469238,0.0117647647857666,-0.000376105308532715,42.4802169799805,-71.38671875,285.629119873047,226.976699829102,-1.53541254997253,1.98227894306183,114.026695251465,55.0967445373535,-1.63983058929443,0.177941933274269,-2.49999976158142,0.228917255997658,70
738533.39803032705094665289,54.5708084106445,-1.39793086051941,7.23094415664673,0.0117647647857666,-0.000376105308532715,42.4802055358887,-71.3865966796875,285.326782226562,227.297256469727,-1.59981286525726,1.97061729431152,113.956726074219,55.0655403137207,-1.63596904277802,0.177737861871719,-2.50000023841858,0.229467839002609,70
738533.39803257829044014215,54.5328178405762,-1.43442809581757,7.27550792694092,0.0117647647857666,-0.000376105308532715,42.4801940917969,-71.3864669799805,284.998504638672,227.631713867188,-1.66280257701874,1.95775723457336,113.885108947754,55.0347061157227,-1.63765788078308,0.186195060610771,-2.50000023841858,0.229977875947952,70
738533.39803488855250179768,54.4969596862793,-1.47448015213013,7.31967496871948,0.0117647647857666,-0.000376105308532715,42.4801826477051,-71.3863372802734,284.662322998047,227.958541870117,-1.71683740615845,1.94457542896271,113.816841125488,55.0060958862305,-1.64577603340149,0.195962071418762,-2.50000023841858,0.230409368872643,70
738533.39803719718474894762,54.4616851806641,-1.51826679706573,7.36515951156616,0.0117647647857666,-0.000376105308532715,42.480167388916,-71.3862075805664,284.302673339844,228.291198730469,-1.76543176174164,1.91031134128571,113.749458312988,54.9784126281738,-1.66099345684052,0.212221190333366,-2.5,0.230787977576256,70
738533.39803958393167704344,54.4291381835938,-1.56675386428833,7.40630578994751,0.0117647647857666,-0.000376105308532715,42.4801559448242,-71.3860702514648,283.932098388672,228.614990234375,-1.79704034328461,1.59284842014313,113.686065673828,54.9530639648438,-1.68269777297974,0.252876967191696,-2.5,0.231094226241112,70
738533.39804182283114641905,54.4003791809082,-1.6004890203476,7.43913221359253,0.0117647647857666,-0.000376105308532715,42.4801406860352,-71.3859405517578,283.569213867188,228.916656494141,-1.81139397621155,1.36016321182251,113.629547119141,54.929988861084,-1.70870208740234,0.182777926325798,-2.50000047683716,0.231316164135933,70
738533.39804411109071224928,54.3738288879395,-1.62556183338165,7.4650502204895,0.0117647647857666,-0.000376105308532715,42.4801292419434,-71.3858108520508,283.202331542969,229.211624145508,-1.84321570396423,1.20381677150726,113.57691192627,54.9079475402832,-1.73768556118011,0.141076371073723,-2.50000023841858,0.231480240821838,70
738533.39804644940886646509,54.3494071960449,-1.65743696689606,7.48615026473999,0.0117647647857666,-0.000376105308532715,42.4801177978516,-71.3856811523438,282.828155517578,229.502136230469,-1.88788151741028,1.06841778755188,113.527404785156,54.8875923156738,-1.76792776584625,0.105875112116337,-2.50000023841858,0.231592044234276,70
738533.39804876502603292465,54.3256874084473,-1.69102084636688,7.5046534538269,0.0117647647857666,-0.000376105308532715,42.4801025390625,-71.3855438232422,282.425872802734,229.801818847656,-1.91323745250702,0.990266084671021,113.478454589844,54.8676567077637,-1.80058169364929,0.0653796568512917,-2.5,0.231652826070786,70
738533.39805113768670707941,54.3039894104004,-1.71947729587555,7.52029895782471,0.0117647647857666,-0.000376105308532715,42.4800910949707,-71.3854141235352,282.027557373047,230.087753295898,-1.93516659736633,0.956507861614227,113.433937072754,54.8492012023926,-1.83267772197723,0.0467419438064098,-2.5,0.231663390994072,70
738533.39805350580718368292,54.2833862304688,-1.74719166755676,7.5348072052002,0.0117647647857666,-0.000376105308532715,42.4800758361816,-71.3852767944336,281.619537353516,230.37060546875,-1.96249806880951,0.930297017097473,113.391876220703,54.831672668457,-1.86479544639587,0.0385181233286858,-2.49999952316284,0.231636241078377,70
738533.39805582980625331402,54.2643432617188,-1.77548789978027,7.54811429977417,0.0117647647857666,-0.000376105308532715,42.4800643920898,-71.385139465332,281.210540771484,230.644332885742,-1.99126601219177,0.9042848944664,113.35294342041,54.815559387207,-1.89590299129486,0.0366710834205151,-2.49999952316284,0.231565982103348,70
738533.39805827278178185225,54.246150970459,-1.80514931678772,7.56077003479004,0.0117647647857666,-0.000376105308532715,42.4800491333008,-71.3850021362305,280.784332275391,230.919448852539,-2.02127766609192,0.877332627773285,113.315559387207,54.8002624511719,-1.92725348472595,0.0401405319571495,-2.5,0.231464043259621,70
738533.39806088164914399385,54.2271881103516,-1.83944070339203,7.57409954071045,0.0117647647857666,-0.000376105308532715,42.4800338745117,-71.3848495483398,280.294677734375,231.222808837891,-2.05577182769775,0.84666508436203,113.276153564453,54.7844734191895,-1.962287068367,0.04273946210742,-2.49999928474426,0.231305137276649,70
738533.39806317433249205351,54.2128028869629,-1.86993014812469,7.58404445648193,0.0117647647857666,-0.000376105308532715,42.4800224304199,-71.3847198486328,279.879821777344,231.469543457031,-2.08331871032715,0.793844878673553,113.245918273926,54.7726440429688,-1.9910124540329,0.0514243468642235,-2.49999928474426,0.23115149140358,70
738533.39806542929727584124,54.1994018554688,-1.90326273441315,7.59233283996582,0.0117647647857666,-0.000376105308532715,42.4800071716309,-71.3845901489258,279.457366943359,231.499465942383,-2.08456206321716,0.710457265377045,113.217742919922,54.7616767883301,-2.01993680000305,0.0453709475696087,-2.49999976158142,0.230970978736877,70
738533.39806782279629260302,54.1864700317383,-1.9210684299469,7.59836196899414,0.0117647647857666,-0.000376105308532715,42.4799957275391,-71.3844680786133,279.043426513672,231.315124511719,-2.03226852416992,0.652409553527832,113.192398071289,54.7503356933594,-2.04817724227905,0.0380043350160122,-2.50000023841858,0.23076593875885,70
738533.39807007042691111565,54.1708221435547,-1.92856478691101,7.60332870483398,0.0117647647857666,-0.000376105308532715,42.47998046875,-71.3843231201172,278.560272216797,231.098541259766,-1.98768055438995,0.58703225851059,113.164512634277,54.7358016967773,-2.0798168182373,0.0167579930275679,-2.49999976158142,0.230507984757423,70
738533.39807230385486036539,54.156867980957,-1.92927384376526,7.60574769973755,0.0117647647857666,-0.000376105308532715,42.4799690246582,-71.3841934204102,278.140197753906,230.909820556641,-1.95833015441895,0.530378043651581,113.141212463379,54.7223510742188,-2.10414099693298,-0.0103138200938702,-2.49999952316284,0.230270713567734,70
738533.39807450177613645792,54.1427383422852,-1.92699885368347,7.6059136390686,0.0117647647857666,-0.000376105308532715,42.4799575805664,-71.3840713500977,277.719299316406,230.720809936523,-1.93485331535339,0.473371952772141,113.118064880371,54.708309173584,-2.12472724914551,-0.0278853382915258,-2.49999952316284,0.23000667989254,70
738533.39807677525095641613,54.1285858154297,-1.92274928092957,7.60408401489258,0.0117647647857666,-0.000376105308532715,42.4799423217773,-71.3839416503906,277.300201416016,230.532913208008,-1.919025182724,0.429643273353577,113.094871520996,54.6939010620117,-2.14111328125,-0.0414769798517227,-2.49999976158142,0.229728132486343,70
738533.39807901973836123943,54.1141014099121,-1.91958725452423,7.60040140151978,0.0117647647857666,-0.000376105308532715,42.4799308776855,-71.3838119506836,276.870788574219,230.340744018555,-1.909294962883,0.388195097446442,113.070678710938,54.6789436340332,-2.1537492275238,-0.0476690903306007,-2.5,0.229436263442039,70
738533.39808144094422459602,54.0994834899902,-1.91708314418793,7.5949912071228,0.0117647647857666,-0.000376105308532715,42.4799194335938,-71.3836822509766,276.434234619141,230.145599365234,-1.90131449699402,0.342675656080246,113.045547485352,54.6636390686035,-2.16286373138428,-0.0516724325716496,-2.49999952316284,0.229135066270828,70
738533.39808387972880154848,54.0837631225586,-1.91529655456543,7.58723163604736,0.0117647647857666,-0.000376105308532715,42.4799041748047,-71.3835372924805,275.958953857422,229.933319091797,-1.8947639465332,0.292905002832413,113.017524719238,54.6469421386719,-2.16942930221558,-0.0568703599274158,-2.49999952316284,0.228793323040009,70
738533.39808615401852875948,54.0698547363281,-1.91443681716919,7.57862663269043,0.0117647647857666,-0.000376105308532715,42.4798889160156,-71.3834075927734,275.530822753906,229.742156982422,-1.89042401313782,0.247995242476463,112.991920471191,54.6319465637207,-2.17312216758728,-0.0641325861215591,-2.5,0.228474691510201,70
738533.39808848081156611443,54.0557518005371,-1.91432976722717,7.56891870498657,0.0117647647857666,-0.000376105308532715,42.4798774719238,-71.3832778930664,275.091339111328,229.545913696289,-1.88739585876465,0.202165380120277,112.965209960938,54.616641998291,-2.17542600631714,-0.100741177797318,-2.5,0.228139489889145,70
738533.39809077256359159946,54.0416564941406,-1.91502666473389,7.56033706665039,0.0117647647857666,-0.000376105308532715,42.4798622131348,-71.3831405639648,274.654754638672,229.350830078125,-1.88563907146454,0.157968610525131,112.938407897949,54.6015243530273,-2.17677092552185,-0.244014367461205,-2.5,0.227809146046638,70
738533.39809312438592314720,54.0274276733398,-1.91641759872437,7.55225419998169,0.0117647647857666,-0.000376105308532715,42.479850769043,-71.3830108642578,274.213958740234,229.153686523438,-1.88488280773163,0.114313177764416,112.911056518555,54.5863723754883,-2.17762160301208,-0.495938718318939,-2.5,0.22747591137886,70
738533.39809533907100558281,54.014965057373,-1.91860234737396,7.5388560295105,0.0117647647857666,-0.000376105308532715,42.4798393249512,-71.3828811645508,273.793731689453,228.965454101562,-1.88528025150299,0.0696796774864197,112.884735107422,54.5722618103027,-2.17826747894287,-0.627387285232544,-2.49999952316284,0.227158591151237,70
738533.39809757762122899294,54.0036087036133,-1.9219309091568,7.51968765258789,0.0117647647857666,-0.000376105308532715,42.4798240661621,-71.3827514648438,273.372039794922,228.77619934082,-1.88736391067505,0.0213012527674437,112.857933044434,54.5584945678711,-2.17900085449219,-0.662529408931732,-2.49999952316284,0.226845726370811,70
738533.39809981815051287413,53.9933776855469,-1.92638397216797,7.49646711349487,0.0117647647857666,-0.000376105308532715,42.4798126220703,-71.3826293945312,272.95654296875,228.589218139648,-1.89115822315216,-0.0293916892260313,112.831115722656,54.5453300476074,-2.18002009391785,-0.654202103614807,-2.5,0.226543754339218,70
738533.39810203190427273512,53.9842758178711,-1.93218302726746,7.46736860275269,0.0117647647857666,-0.000376105308532715,42.4798011779785,-71.3825073242188,272.536560058594,228.399551391602,-1.8969475030899,-0.0822599828243256,112.803649902344,54.5325317382812,-2.18154263496399,-0.551127016544342,-2.5,0.226240113377571,70
738533.39810436975676566362,53.9760246276855,-1.94073331356049,7.43126821517944,0.0117647647857666,-0.000376105308532715,42.4797859191895,-71.3823699951172,272.091522216797,228.197738647461,-1.91486394405365,-0.117139846086502,112.774322509766,54.5197296142578,-2.18387794494629,-0.34237065911293,-2.5,0.225926980376244,70
738533.39810666628181934357,53.9685211181641,-1.95289826393127,7.39474487304688,0.0117647647857666,-0.000376105308532715,42.4797744750977,-71.3822402954102,271.647430419922,227.995040893555,-1.93261134624481,-0.151807531714439,112.745384216309,54.5077705383301,-2.18725872039795,-0.169160187244415,-2.5,0.225622341036797,70
738533.39810901426244527102,53.9611663818359,-1.96703433990479,7.35998106002808,0.0117647647857666,-0.000376105308532715,42.4797630310059,-71.3821029663086,271.196929931641,227.787841796875,-1.94670951366425,-0.230647712945938,112.716819763184,54.4962921142578,-2.19214534759521,-0.123669266700745,-2.5,0.225334748625755,70
738533.39811125095002353191,53.9544372558594,-1.97962296009064,7.32881450653076,0.0117647647857666,-0.000376105308532715,42.4797477722168,-71.3819808959961,270.768920898438,227.58952331543,-1.95138084888458,-0.313669204711914,112.690887451172,54.4858856201172,-2.19827628135681,-0.235827341675758,-2.5,0.225085660815239,70
738533.39811373653355985880,53.9480972290039,-1.99093770980835,7.28839826583862,0.0117647647857666,-0.000376105308532715,42.479736328125,-71.3818359375,270.288177490234,227.365203857422,-1.94410586357117,-0.390880525112152,112.663032531738,54.4745979309082,-2.20673036575317,-0.264566391706467,-2.50000047683716,0.224823668599129,70
738533.39811620325781404972,53.9422836303711,-1.99716377258301,7.24639177322388,0.0117647647857666,-0.000376105308532715,42.4797210693359,-71.3816986083984,269.817230224609,227.144409179688,-1.92664217948914,-0.46088695526123,112.636985778809,54.4634666442871,-2.21590185165405,-0.305052846670151,-2.5,0.22459502518177,70
738533.39811878243926912546,53.936164855957,-1.99418902397156,7.19847440719604,0.0117647647857666,-0.000376105308532715,42.4797096252441,-71.3815536499023,269.317291259766,226.909652709961,-1.88770520687103,-0.535494148731232,112.61011505127,54.4509391784668,-2.22556376457214,-0.341594696044922,-2.5,0.224388733506203,70
738533.39812128455378115177,53.9294242858887,-1.99758660793304,7.14463186264038,0.0117647647857666,-0.000376105308532715,42.4796943664551,-71.3814086914062,268.813629150391,226.67333984375,-1.78219425678253,-0.731810629367828,112.583374023438,54.4372901916504,-2.2336437702179,-0.330313801765442,-2.5,0.224208950996399,70
738533.39812383882235735655,53.920093536377,-1.92754626274109,7.07831001281738,0.0117647647857666,-0.000376105308532715,42.4796829223633,-71.3812637329102,268.325378417969,226.447174072266,-1.5005738735199,-1.27184689044952,112.556518554688,54.4168586730957,-2.23895382881165,-0.354741275310516,-2.50000023841858,0.224072188138962,70
738533.39812630380038172007,53.9089622497559,-1.8010630607605,6.99760723114014,0.0117647647857666,-0.000376105308532715,42.4796676635742,-71.3811264038086,267.871398925781,225.971313476562,-1.49116468429565,-1.43254673480988,112.527572631836,54.3910522460938,-2.23313069343567,-0.490980118513107,-2.50000023841858,0.223982945084572,70
738533.39812879101373255253,53.8995933532715,-1.77897667884827,6.91238975524902,0.0117647647857666,-0.000376105308532715,42.4796562194824,-71.3809814453125,267.433685302734,225.470733642578,-1.67860794067383,-1.46001720428467,112.494873046875,54.3701400756836,-2.21025013923645,-0.510598003864288,-2.49999976158142,0.22394160926342,70
738533.39813117275480180979,53.8937683105469,-1.80474269390106,6.82787275314331,0.0117647647857666,-0.000376105308532715,42.4796409606934,-71.3808441162109,267.002075195312,224.977569580078,-1.81257712841034,-1.4937961101532,112.460006713867,54.3545341491699,-2.18051743507385,-0.475459635257721,-2.5,0.223951995372772,70
738533.39813356043305248022,53.8910675048828,-1.85337698459625,6.74666213989258,0.0117647647857666,-0.000376105308532715,42.4796295166016,-71.3807144165039,266.580383300781,224.756805419922,-1.92684710025787,-1.52635216712952,112.42561340332,54.3433494567871,-2.1555495262146,-0.43863719701767,-2.5,0.2240179926157,70
738533.39813599840272217989,53.8914451599121,-1.92068839073181,6.66261672973633,0.0117647647857666,-0.000376105308532715,42.4796180725098,-71.3805770874023,266.129943847656,224.58024597168,-2.04259061813354,-1.55981338024139,112.390441894531,54.3356895446777,-2.14025402069092,-0.423544973134995,-2.5,0.224146947264671,70
738533.39813818247057497501,53.8946189880371,-1.99225533008575,6.5855278968811,0.0117647647857666,-0.000376105308532715,42.479606628418,-71.3804473876953,265.702911376953,224.207565307617,-2.13612341880798,-1.58991086483002,112.360237121582,54.3320159912109,-2.13899207115173,-0.425444185733795,-2.50000047683716,0.224327504634857,70
738533.39814050076529383659,53.9005546569824,-2.07101321220398,6.50466346740723,0.0117647647857666,-0.000376105308532715,42.4795951843262,-71.3803176879883,265.243621826172,223.692428588867,-2.22033071517944,-1.6211451292038,112.331832885742,54.3311080932617,-2.15182399749756,-0.420992612838745,-2.50000095367432,0.22457817196846,70
738533.39814281824510544538,53.9091491699219,-2.15403652191162,6.42289733886719,0.0117647647857666,-0.000376105308532715,42.4795837402344,-71.3801879882812,264.766235351562,223.158905029297,-2.30349612236023,-1.63756668567657,112.307189941406,54.333137512207,-2.17856621742249,-0.413145661354065,-2.50000047683716,0.224898561835289,70
738533.39814523595850914717,53.9208526611328,-2.25222635269165,6.34021806716919,0.0117647647857666,-0.000376105308532715,42.4795722961426,-71.3800430297852,264.235443115234,222.567947387695,-2.39270067214966,-1.30063545703888,112.285697937012,54.3390197753906,-2.22133469581604,-0.433375388383865,-2.50000047683716,0.225322112441063,70
738533.39814768137875944376,53.9336433410645,-2.34660243988037,6.2685604095459,0.0117647647857666,-0.000376105308532715,42.4795608520508,-71.3799057006836,263.693878173828,221.967208862305,-2.47457766532898,-0.866320013999939,112.270011901855,54.3473968505859,-2.27578020095825,-0.322277992963791,-2.5,0.225821316242218,70
738533.39815007685683667660,53.9469299316406,-2.43875050544739,6.21105670928955,0.0117647647857666,-0.000376105308532715,42.479549407959,-71.3797760009766,263.148468017578,221.364166259766,-2.55252742767334,-0.426028728485107,112.260223388672,54.3580360412598,-2.33836507797241,-0.11238619685173,-2.5,0.226382374763489,70
738533.39815256721340119839,53.9617729187012,-2.53709292411804,6.16508436203003,0.0117647647857666,-0.000376105308532715,42.4795379638672,-71.3796310424805,262.542633056641,220.696533203125,-2.63513374328613,0.0404654517769814,112.256088256836,54.3720359802246,-2.41410732269287,0.163927525281906,-2.5,0.22707587480545,70
738533.39815499284304678440,53.9759559631348,-2.62607169151306,6.13791513442993,0.0117647647857666,-0.000376105308532715,42.4795265197754,-71.3794937133789,261.953063964844,220.048706054688,-2.71353101730347,0.195311337709427,112.258529663086,54.3872604370117,-2.4910945892334,0.354254633188248,-2.5,0.227799698710442,70
738533.39815747272223234177,53.9920196533203,-2.71399593353271,6.11869668960571,0.0117647647857666,-0.000376105308532715,42.4795150756836,-71.3793487548828,261.328491210938,219.364196777344,-2.79834675788879,0.163629055023193,112.267639160156,54.4053535461426,-2.57432675361633,0.381372779607773,-2.50000047683716,0.228625386953354,70
738533.39815986866597086191,54.0100135803223,-2.79838013648987,6.10311555862427,0.0117647647857666,-0.000376105308532715,42.4795074462891,-71.3792114257812,260.698211669922,218.675155639648,-2.87995362281799,0.134764015674591,112.283088684082,54.4257316589355,-2.65807366371155,0.324407488107681,-2.5,0.229508444666862,70
738533.39816215832252055407,54.0293426513672,-2.87696695327759,6.0892276763916,0.0117647647857666,-0.000376105308532715,42.4794960021973,-71.3790817260742,260.083709716797,218.004776000977,-2.95578551292419,0.109392650425434,112.303497314453,54.4474563598633,-2.73839569091797,0.26602241396904,-2.5,0.230403199791908,70
738533.39816441794391721487,54.05078125,-2.9540319442749,6.07641649246216,0.0117647647857666,-0.000376105308532715,42.4794845581055,-71.3789520263672,259.452728271484,217.317764282227,-3.02999687194824,0.0859251394867897,112.329284667969,54.4714241027832,-2.819087266922,0.188328802585602,-2.5,0.231350049376488,70
738533.39816676510963588953,54.0747718811035,-3.0316014289856,6.0658073425293,0.0117647647857666,-0.000376105308532715,42.4794731140137,-71.3788223266602,258.786193847656,216.593414306641,-3.10448598861694,0.0650263130664825,112.36116027832,54.4983100891113,-2.90206408500671,0.0234533939510584,-2.50000047683716,0.23237356543541,70
738533.39816918596625328064,54.1010131835938,-3.10779285430908,6.05627536773682,0.0117647647857666,-0.000376105308532715,42.4794616699219,-71.3786849975586,258.098754882812,215.847671508789,-3.17736053466797,0.0465341173112392,112.39826965332,54.5275764465332,-2.98488068580627,-0.192646861076355,-2.5,0.233444288372993,70
738533.39817153953481465578,54.1295280456543,-3.18198347091675,6.04532241821289,0.0117647647857666,-0.000376105308532715,42.4794540405273,-71.378547668457,257.397277832031,215.087951660156,-3.24807047843933,0.0287469513714314,112.439872741699,54.5589294433594,-3.0663685798645,-0.387611627578735,-2.5,0.234543889760971,70
738533.39817408763337880373,54.1613121032715,-3.25620222091675,6.03048133850098,0.0117647647857666,-0.000376105308532715,42.4794425964355,-71.3784103393555,256.664306640625,214.295333862305,-3.31813549995422,0.00919871684163809,112.486770629883,54.5931968688965,-3.1483690738678,-0.510418891906738,-2.5,0.23569817841053,70
738533.39817652711644768715,54.1978607177734,-3.33241105079651,6.00982284545898,0.0117647647857666,-0.000376105308532715,42.4794311523438,-71.3782653808594,255.871322631836,213.439117431641,-3.38936424255371,-0.0144681679084897,112.540802001953,54.631778717041,-3.23362374305725,-0.53943932056427,-2.50000023841858,0.236967816948891,70
738533.39817891304846853018,54.2334213256836,-3.39960551261902,5.98734903335571,0.0117647647857666,-0.000376105308532715,42.479419708252,-71.3781280517578,255.137451171875,212.647796630859,-3.4528636932373,-0.0389326438307762,112.593132019043,54.6687278747559,-3.3090353012085,-0.506512701511383,-2.5,0.238137602806091,70
738533.39818123541772365570,54.2715950012207,-3.46586227416992,5.96192073822021,0.0117647647857666,-0.000376105308532715,42.4794082641602,-71.3779907226562,254.379745483398,211.831787109375,-3.51583695411682,-0.0662755593657494,112.64958190918,54.7079772949219,-3.38390040397644,-0.448420882225037,-2.5,0.239360690116882,70
738533.39818369783461093903,54.3110656738281,-3.52916383743286,5.93448495864868,0.0117647647857666,-0.000376105308532715,42.4794006347656,-71.3778610229492,253.622863769531,211.017593383789,-3.57595753669739,-0.0929277911782265,112.708267211914,54.7481956481934,-3.45565629005432,-0.364176839590073,-2.5,0.240586936473846,70
738533.39818595384713262320,54.3530502319336,-3.59784150123596,5.90790987014771,0.0117647647857666,-0.000376105308532715,42.4793891906738,-71.3777236938477,252.834747314453,210.170715332031,-3.63595700263977,0.028959920629859,112.771789550781,54.7914428710938,-3.5274600982666,-0.345387816429138,-2.5,0.241870447993279,70
738533.39818821277003735304,54.3929405212402,-3.66560769081116,5.89192867279053,0.0117647647857666,-0.000376105308532715,42.479377746582,-71.3775939941406,252.080612182617,209.361282348633,-3.68797159194946,0.641552209854126,112.834648132324,54.8337821960449,-3.59387159347534,-0.317839622497559,-2.5,0.243098020553589,70
738533.39819049136713147163,54.4324417114258,-3.7341902256012,5.88956880569458,0.0117647647857666,-0.000376105308532715,42.4793701171875,-71.3774642944336,251.298599243164,208.522827148438,-3.71422457695007,1.081707239151,112.902198791504,54.8773345947266,-3.66127300262451,-0.12265769392252,-2.5,0.24438002705574,70
738533.39819280756637454033,54.4712142944336,-3.77335786819458,5.89801788330078,0.0117647647857666,-0.000376105308532715,42.4793586730957,-71.3773345947266,250.504653930664,207.672286987305,-3.68505001068115,1.05892622470856,112.973106384277,54.9193801879883,-3.72816681861877,-0.027763694524765,-2.5,0.245698258280754,70
738533.39819506509229540825,54.5095443725586,-3.79500460624695,5.90681076049805,0.0117647647857666,-0.000376105308532715,42.4793472290039,-71.3772048950195,249.711639404297,206.823135375977,-3.65044903755188,1.03303563594818,113.046173095703,54.959831237793,-3.79136419296265,0.024998314678669,-2.50000047683716,0.247032806277275,70
738533.39819725637789815664,54.5463981628418,-3.80450510978699,5.91549777984619,0.0117647647857666,-0.000376105308532715,42.4793395996094,-71.3770751953125,248.928985595703,205.985198974609,-3.58883810043335,1.00563311576843,113.119995117188,54.997974395752,-3.84774494171143,0.0481895282864571,-2.50000047683716,0.248371571302414,70
738533.39819947327487170696,54.5810470581055,-3.78654646873474,5.92389535903931,0.0117647647857666,-0.000376105308532715,42.4793281555176,-71.376953125,248.163543701172,205.165603637695,-3.47005796432495,0.977244079113007,113.193351745605,55.0320014953613,-3.89536261558533,0.0598717555403709,-2.50000047683716,0.249696969985962,70
738533.39820172870531678200,54.6142425537109,-3.74397492408752,5.93206834793091,0.0117647647857666,-0.000376105308532715,42.479320526123,-71.3768157958984,247.364135742188,204.309158325195,-3.27518248558044,0.946186244487762,113.270698547363,55.0628929138184,-3.93451285362244,0.0648595094680786,-2.5,0.251113623380661,70
738533.39820404921192675829,54.6433372497559,-3.64128947257996,5.93993520736694,0.0117647647857666,-0.000376105308532715,42.4793090820312,-71.3766860961914,246.578720092773,203.466583251953,-3.03751397132874,0.911562860012054,113.346298217773,55.0857162475586,-3.95867848396301,0.0636558458209038,-2.50000047683716,0.252540469169617,70
738533.39820638194214552641,54.6670150756836,-3.50760626792908,5.94663095474243,0.0117647647857666,-0.000376105308532715,42.4792976379395,-71.3765563964844,245.813003540039,202.603561401367,-2.83417916297913,0.875632762908936,113.418174743652,55.1012535095215,-3.96213436126709,0.0488221272826195,-2.50000047683716,0.25398376584053,70
738533.39820870803669095039,54.6851234436035,-3.35605025291443,5.95164728164673,0.0117647647857666,-0.000376105308532715,42.4792900085449,-71.3764190673828,245.075439453125,201.761779785156,-2.64939785003662,0.839978396892548,113.48405456543,55.1103248596191,-3.94087338447571,0.0321224369108677,-2.50000023841858,0.255432516336441,70
738533.39821103319991379976,54.6985931396484,-3.18420028686523,5.95507144927979,0.0117647647857666,-0.000376105308532715,42.4792785644531,-71.3762893676758,244.363357543945,200.944412231445,-2.55405306816101,0.802806973457336,113.543029785156,55.1138648986816,-3.89317107200623,0.0117744244635105,-2.50000023841858,0.256906747817993,70
738533.39821342448703944683,54.7089767456055,-3.05230307579041,5.95596265792847,0.0117647647857666,-0.000376105308532715,42.4792671203613,-71.3761444091797,243.657806396484,200.129745483398,-2.56550312042236,0.765382349491119,113.595405578613,55.1168022155762,-3.81759810447693,-0.0107772322371602,-2.50000023841858,0.25845143198967,70
738533.39821586757898330688,54.7172355651855,-2.95846080780029,5.9545316696167,0.0117647647857666,-0.000376105308532715,42.4792556762695,-71.3760070800781,242.978698730469,199.342025756836,-2.55083107948303,0.729577481746674,113.63916015625,55.1197319030762,-3.72455167770386,-0.0170903243124485,-2.50000023841858,0.259986817836761,70
738533.39821813208982348442,54.7226257324219,-2.87226414680481,5.95156526565552,0.0117647647857666,-0.000376105308532715,42.479248046875,-71.3758773803711,242.346374511719,198.605773925781,-2.44333481788635,0.695794761180878,113.673919677734,55.1202049255371,-3.62832140922546,-0.00996361393481493,-2.50000023841858,0.261450439691544,70
738533.39822031138464808464,54.7247352600098,-2.77554202079773,5.94759511947632,0.0117647647857666,-0.000376105308532715,42.4792366027832,-71.3757476806641,241.758865356445,198.013610839844,-2.33358573913574,0.663165807723999,113.701156616211,55.1169128417969,-3.53415536880493,-0.00887983944267035,-2.49999952316284,0.262852907180786,70
738533.39822254283353686333,54.7241172790527,-2.67291140556335,5.9423713684082,0.0117647647857666,-0.000376105308532715,42.4792251586914,-71.375617980957,241.19157409668,197.669036865234,-2.24870085716248,0.630691170692444,113.722579956055,55.1106643676758,-3.43884134292603,-0.0153029216453433,-2.5,0.264260619878769,70
738533.39822477637790143490,54.7205924987793,-2.57314801216125,5.93554019927979,0.0117647647857666,-0.000376105308532715,42.4792175292969,-71.37548828125,240.630767822266,197.166442871094,-2.14908814430237,0.597888290882111,113.738761901855,55.1016807556152,-3.33980321884155,-0.0235250536352396,-2.50000023841858,0.265709787607193,70
738533.39822705066762864590,54.7121620178223,-2.47260975837708,5.92719459533691,0.0117647647857666,-0.000376105308532715,42.4792060852051,-71.3753662109375,240.09944152832,196.476150512695,-1.91434502601624,0.565006852149963,113.748725891113,55.0878028869629,-3.24222278594971,-0.017986424267292,-2.50000023841858,0.26713764667511,70
738533.39822935196571052074,54.6959648132324,-2.32374095916748,5.91687679290771,0.0117647647857666,-0.000376105308532715,42.4791984558105,-71.3752288818359,239.562850952148,195.771377563477,-1.639155626297,0.529032349586487,113.751770019531,55.0641250610352,-3.13732600212097,-0.0173334162682295,-2.5,0.268665254116058,70
738533.39823155198246240616,54.6737594604492,-2.16902256011963,5.90552759170532,0.0117647647857666,-0.000376105308532715,42.4791870117188,-71.3751068115234,239.092468261719,195.144638061523,-1.40932178497314,0.49544283747673,113.746360778809,55.0345344543457,-3.03512692451477,-0.0276171192526817,-2.5,0.270084917545319,70
738533.39823378017172217369,54.6441345214844,-2.00078058242798,5.89188957214355,0.0117647647857666,-0.000376105308532715,42.479175567627,-71.3749771118164,238.640426635742,194.531997680664,-1.18947637081146,0.461046427488327,113.731422424316,54.9972648620605,-2.92197632789612,-0.0393529459834099,-2.5,0.271557956933975,70
738533.39823614084161818027,54.6062774658203,-1.82006907463074,5.87552690505981,0.0117647647857666,-0.000376105308532715,42.4791679382324,-71.3748397827148,238.203872680664,193.927978515625,-0.984712600708008,0.424126744270325,113.704795837402,54.9516143798828,-2.79340004920959,-0.0530952252447605,-2.49999952316284,0.273113459348679,70
738533.39823869429528713226,54.5584869384766,-1.6300300359726,5.85551786422729,0.0117647647857666,-0.000376105308532715,42.4791564941406,-71.3746948242188,237.77507019043,193.319351196289,-0.790329456329346,0.384353756904602,113.662956237793,54.8960151672363,-2.64316034317017,-0.069182462990284,-2.49999952316284,0.274803400039673,70
738533.39824107114691287279,54.5062141418457,-1.45314788818359,5.83374834060669,0.0117647647857666,-0.000376105308532715,42.4791450500488,-71.3745574951172,237.401031494141,192.772766113281,-0.61268424987793,0.345259845256805,113.609985351562,54.8367729187012,-2.48961281776428,-0.0761189758777618,-2.49999976158142,0.276424944400787,70
738533.39824336115270853043,54.4514350891113,-1.29134142398834,5.81086730957031,0.0117647647857666,-0.000376105308532715,42.4791374206543,-71.3744277954102,237.080001831055,192.288558959961,-0.457456052303314,0.307107746601105,113.548416137695,54.7758369445801,-2.33814072608948,-0.0759015157818794,-2.49999976158142,0.277967005968094,70
738533.39824581600259989500,54.3879699707031,-1.12845504283905,5.78452920913696,0.0117647647857666,-0.000376105308532715,42.4791259765625,-71.3742904663086,236.772415161133,191.807540893555,-0.300903648138046,0.2670958340168,113.470649719238,54.706356048584,-2.17228412628174,-0.0819522067904472,-2.5,0.2796351313591,70
738533.39824816025793552399,54.3205490112305,-0.97410523891449,5.75660371780396,0.0117647647857666,-0.000376105308532715,42.4791145324707,-71.374153137207,236.502243041992,191.366882324219,-0.146600604057312,0.228482753038406,113.38249206543,54.6334075927734,-2.0075831413269,-0.0901284739375114,-2.5,0.281291723251343,70
738533.39825053804088383913,54.2504844665527,-0.827474534511566,5.72759056091309,0.0117647647857666,-0.000376105308532715,42.4791069030762,-71.3740158081055,236.269592285156,190.968765258789,-0.0044082198292017,0.190869137644768,113.286277770996,54.5582733154297,-1.84801554679871,-0.100770816206932,-2.5,0.282922983169556,70
738533.39825287053827196360,54.1777267456055,-0.686015427112579,5.69690561294556,0.0117647647857666,-0.000376105308532715,42.4790954589844,-71.3738784790039,236.065780639648,190.598327636719,-0.0692221969366074,0.159690842032433,113.179176330566,54.4807472229004,-1.68819451332092,-0.131407126784325,-2.5,0.284590065479279,70
738533.39825518394354730844,54.1113586425781,-0.640244543552399,5.66614103317261,0.0117647647857666,-0.000376105308532715,42.4790840148926,-71.3737487792969,235.885269165039,190.256896972656,-0.186550885438919,0.134437367320061,113.067687988281,54.4109764099121,-1.53779029846191,-0.152556136250496,-2.5,0.286220490932465,70
738533.39825748628936707973,54.0459594726562,-0.628703892230988,5.63376379013062,0.0117647647857666,-0.000376105308532715,42.479076385498,-71.3736190795898,235.70588684082,189.913665771484,-0.184626162052155,0.108882769942284,112.948013305664,54.3424377441406,-1.39776575565338,-0.146550253033638,-2.50000047683716,0.287911474704742,70
738533.39825959771405905485,53.9842987060547,-0.604182720184326,5.60293579101562,0.0117647647857666,-0.000376105308532715,42.4790649414062,-71.3734970092773,235.542953491211,189.599807739258,-0.0611672885715961,0.0810160860419273,112.834144592285,54.2776412963867,-1.28658533096313,-0.131194904446602,-2.50000047683716,0.289484351873398,70
738533.39826191845349967480,53.917064666748,-0.551771104335785,5.56974649429321,0.0117647647857666,-0.000376105308532715,42.4790573120117,-71.3733673095703,235.381332397461,189.281234741211,0.064282163977623,0.0501275844871998,112.71208190918,54.2067909240723,-1.18789124488831,-0.128355234861374,-2.49999976158142,0.291155159473419,70
738533.39826433395501226187,53.8428497314453,-0.487147778272629,5.53292036056519,0.0117647647857666,-0.000376105308532715,42.4790458679199,-71.3732299804688,235.221145629883,189.025253295898,0.136178731918335,0.0138544430956244,112.577575683594,54.1285781860352,-1.09615242481232,-0.140849143266678,-2.49999976158142,0.292975306510925,70
738533.39826672174967825413,53.7690277099609,-0.416733682155609,5.49484539031982,0.0117647647857666,-0.000376105308532715,42.4790382385254,-71.3731002807617,235.075653076172,189.752990722656,0.126484259963036,-0.0225830003619194,112.44017791748,54.0506744384766,-1.01413536071777,-0.162170499563217,-2.49999976158142,0.29480242729187,70
738533.39826922677457332611,53.6946449279785,-0.349131077528,5.45393371582031,0.0117647647857666,-0.000376105308532715,42.4790267944336,-71.3729553222656,234.939086914062,190.521087646484,0.112721659243107,-0.0600844845175743,112.294364929199,53.9720497131348,-0.934893786907196,-0.17935337126255,-2.49999976158142,0.296732366085052,70
738533.39827168802730739117,53.6233596801758,-0.28390446305275,5.4124231338501,0.0117647647857666,-0.000376105308532715,42.4790191650391,-71.3728179931641,234.819351196289,191.286468505859,0.107520565390587,-0.097055584192276,112.149703979492,53.8965644836426,-0.861187517642975,-0.189155980944633,-2.49999976158142,0.298653692007065,70
738533.39827425405383110046,53.5496520996094,-0.218482315540314,5.3672513961792,0.0117647647857666,-0.000376105308532715,42.4790077209473,-71.372673034668,234.707870483398,192.10514831543,0.10957008600235,-0.136120676994324,111.996017456055,53.8184013366699,-0.786277770996094,-0.195231452584267,-2.49999976158142,0.300711870193481,70
738533.39827674732077866793,53.4792861938477,-0.159544929862022,5.32212162017822,0.0117647647857666,-0.000376105308532715,42.4789962768555,-71.3725357055664,234.613296508789,192.910064697266,0.11732804775238,-0.17403407394886,111.847290039062,53.7436904907227,-0.716167151927948,-0.200052633881569,-2.50000047683716,0.302743226289749,70
738533.39827929623425006866,53.4073104858398,-0.11318676918745,5.27424430847168,0.0117647647857666,-0.000376105308532715,42.4789886474609,-71.3723907470703,234.527786254883,193.09992980957,0.163239732384682,-0.212824180722237,111.694328308105,53.6672248840332,-0.646515667438507,-0.200788170099258,-2.50000047683716,0.304883003234863,70
738533.39828186505474150181,53.3338279724121,-0.0692930743098259,5.22499179840088,0.0117647647857666,-0.000376105308532715,42.4789772033691,-71.3722457885742,234.452377319336,193.049224853516,0.25509774684906,-0.251638531684875,111.542640686035,53.5892028808594,-0.581123292446136,-0.197857350111008,-2.5,0.307050555944443,70
738533.39828434993978589773,53.2595291137695,-0.0259852930903435,5.17509031295776,0.0117647647857666,-0.000376105308532715,42.4789695739746,-71.3721084594727,234.387741088867,193.008712768555,0.341665744781494,-0.289789646863937,111.393737792969,53.510368347168,-0.521200001239777,-0.201779738068581,-2.5,0.309219151735306,70
738533.39828687219414860010,53.184253692627,0.0142926052212715,5.12413263320923,0.0117647647857666,-0.000376105308532715,42.4789581298828,-71.3719711303711,234.332702636719,192.977447509766,0.414405316114426,-0.327650308609009,111.245384216309,53.430534362793,-0.465642213821411,-0.210670337080956,-2.5,0.311414003372192,70
738533.39828933437820523977,53.1068954467773,0.051385797560215,5.071044921875,0.0117647647857666,-0.000376105308532715,42.4789505004883,-71.371826171875,234.28547668457,192.954132080078,0.477088093757629,-0.366013407707214,111.093849182129,53.3484840393066,-0.412960737943649,-0.22112712264061,-2.5,0.313682854175568,70
738533.39829182240646332502,53.0293998718262,0.0849937945604324,5.01683044433594,0.0117647647857666,-0.000376105308532715,42.4789390563965,-71.3716888427734,234.246322631836,192.938583374023,0.515305936336517,-0.404315173625946,110.941604614258,53.2662467956543,-0.364039987325668,-0.233048602938652,-2.5,0.315982133150101,70
738533.39829430205281823874,52.953742980957,0.105766370892525,4.96147537231445,0.0117647647857666,-0.000376105308532715,42.478931427002,-71.3715515136719,234.213027954102,192.9287109375,0.534761309623718,-0.442629098892212,110.787734985352,53.1857719421387,-0.318688929080963,-0.244920700788498,-2.50000023841858,0.318339049816132,70
738533.39829667762387543917,52.882640838623,0.120744064450264,4.90698528289795,0.0117647647857666,-0.000376105308532715,42.4789199829102,-71.3714141845703,234.184692382812,192.91926574707,0.527797520160675,-0.47968453168869,110.638496398926,53.1099510192871,-0.279236853122711,-0.257297784090042,-2.49999976158142,0.320653319358826,70
738533.39829906425438821316,52.8145141601562,0.117315970361233,4.85179233551025,0.0117647647857666,-0.000376105308532715,42.4789123535156,-71.3712844848633,234.157684326172,192.910934448242,0.474213987588882,-0.515779614448547,110.489639282227,53.0370254516602,-0.244850873947144,-0.271650791168213,-2.50000023841858,0.322999477386475,70
738533.39830135495867580175,52.751781463623,0.0887922644615173,4.79768037796021,0.0117647647857666,-0.000376105308532715,42.4789047241211,-71.3711547851562,234.128265380859,192.553405761719,0.415421485900879,-0.548278331756592,110.346420288086,52.9695777893066,-0.218048766255379,-0.282321751117706,-2.50000047683716,0.325315684080124,70
738533.39830361609347164631,52.692813873291,0.0487607270479202,4.74426507949829,0.0117647647857666,-0.000376105308532715,42.4788970947266,-71.3710250854492,234.092636108398,192.085968017578,0.371510207653046,-0.565536499023438,110.208190917969,52.9059829711914,-0.200504466891289,-0.289790481328964,-2.50000023841858,0.327626794576645,70
738533.39830585708841681480,52.6363105773926,-0.00178274605423212,4.69089651107788,0.0117647647857666,-0.000376105308532715,42.478889465332,-71.3709030151367,234.048263549805,191.612014770508,0.324249565601349,-0.565585196018219,110.072700500488,52.8449211120605,-0.193104118108749,-0.292198240756989,-2.5,0.329980134963989,70
738533.39830811694264411926,52.5809211730957,-0.0657235234975815,4.63691377639771,0.0409950651228428,-0.000376105308532715,42.4788818359375,-71.3707733154297,233.991836547852,191.120193481445,0.324291676282883,-0.565429627895355,109.937850952148,52.7850227355957,-0.196697294712067,-0.28755134344101,-2.5,0.332424402236938,70
738533.39831035118550062180,52.5265693664551,-0.107273243367672,4.58436489105225,0.0638383477926254,-0.000376105308532715,42.478874206543,-71.3706512451172,233.926910400391,190.635406494141,0.443966448307037,-0.565707743167877,109.810516357422,52.7263526916504,-0.21079583466053,-0.270840972661972,-2.5,0.334818005561829,70
738533.39831272035371512175,52.4669303894043,-0.10392402112484,4.52825927734375,0.0638383477926254,-0.000376105308532715,42.4788665771484,-71.3705291748047,233.856384277344,190.123550415039,0.488290995359421,-0.584096074104309,109.678436279297,52.6620788574219,-0.232951089739799,-0.265939503908157,-2.5,0.337398678064346,70
738533.39831503725145012140,52.4077796936035,-0.120053686201572,4.47108221054077,0.0638383477926254,-0.000376105308532715,42.4788589477539,-71.3703994750977,233.783416748047,189.604644775391,0.473083198070526,-0.61896800994873,109.546447753906,52.5982933044434,-0.25670513510704,-0.274775683879852,-2.5,0.340065211057663,70
738533.39831734064500778913,52.3512153625488,-0.140570893883705,4.41409492492676,0.0638383477926254,-0.000376105308532715,42.4788513183594,-71.3702697753906,233.708343505859,189.093276977539,0.453991860151291,-0.654180407524109,109.418678283691,52.5371627807617,-0.279561221599579,-0.280615627765656,-2.5,0.342728763818741,70
738533.39831969165243208408,52.2947654724121,-0.167881608009338,4.35457420349121,0.0638383477926254,-0.000376105308532715,42.4788436889648,-71.3701400756836,233.62646484375,188.563781738281,0.426879584789276,-0.691374957561493,109.288856506348,52.4760208129883,-0.302622616291046,-0.284519612789154,-2.49999976158142,0.345532029867172,70
738533.39832201390527188778,52.2410774230957,-0.199682131409645,4.29523324966431,0.0638383477926254,-0.000376105308532715,42.4788360595703,-71.3700103759766,233.540252685547,188.038772583008,0.396703511476517,-0.728146374225616,109.163276672363,52.4177360534668,-0.325499713420868,-0.288711369037628,-2.50000023841858,0.348330676555634,70
738533.39832464489154517651,52.1812210083008,-0.241664692759514,4.22543859481812,0.0638383477926254,-0.000376105308532715,42.4788284301758,-71.3698654174805,233.432098388672,187.423721313477,0.357417911291122,-0.770867347717285,109.019630432129,52.3525772094727,-0.353535741567612,-0.29259404540062,-2.49999976158142,0.351666033267975,70
738533.39832679147366434336,52.133358001709,-0.280329585075378,4.16639184951782,0.0638383477926254,-0.000376105308532715,42.4788208007812,-71.369743347168,233.334487915039,186.90478515625,0.321081966161728,-0.806529939174652,108.903366088867,52.3003311157227,-0.378537237644196,-0.294969230890274,-2.49999976158142,0.354449450969696,70
738533.39832909766118973494,52.0863227844238,-0.323034256696701,4.10518741607666,0.0638383477926254,-0.000376105308532715,42.4788131713867,-71.3696212768555,233.226867675781,186.36701965332,0.280546605587006,-0.842727661132812,108.786674499512,52.2488441467285,-0.406428843736649,-0.297556430101395,-2.49999976158142,0.357370793819427,70
738533.39833134913351386786,52.0415267944336,-0.373679578304291,4.04498434066772,0.0638383477926254,-0.000376105308532715,42.4788055419922,-71.369499206543,233.110427856445,185.820739746094,0.23433692753315,-0.780852198600769,108.672523498535,52.1998291015625,-0.436966627836227,-0.335634529590607,-2.49999976158142,0.360357671976089,70
738533.39833361620549112558,51.9984245300293,-0.43483555316925,3.99189424514771,0.0638383477926254,-0.000376105308532715,42.4788017272949,-71.3693695068359,232.980926513672,185.256790161133,0.183761790394783,-0.171864345669746,108.560012817383,52.1532402038574,-0.471514135599136,-0.310668677091599,-2.49999952316284,0.363445699214935,70
738533.39833595813252031803,51.9537811279297,-0.49063566327095,3.94737982749939,0.0638383477926254,-0.000376105308532715,42.4787940979004,-71.3692398071289,232.836059570312,184.664886474609,0.135348603129387,-0.17509713768959,108.447563171387,52.1058311462402,-0.511638641357422,-0.206888362765312,-2.5,0.36669921875,70
738533.39833828294649720192,51.9125137329102,-0.545539200305939,3.9062066078186,0.0638383477926254,-0.000376105308532715,42.4787864685059,-71.3691177368164,232.685592651367,184.083206176758,0.0814730376005173,-0.21287713944912,108.342636108398,52.0621299743652,-0.553885579109192,-0.181636840105057,-2.5,0.369887679815292,70
738533.39834066480398178101,51.872200012207,-0.604697346687317,3.8630838394165,0.0638383477926254,-0.000376105308532715,42.4787788391113,-71.3689880371094,232.518432617188,183.470184326172,0.0228102821856737,-0.251564085483551,108.237754821777,52.0193634033203,-0.600723505020142,-0.171342045068741,-2.50000047683716,0.373258233070374,70
738533.39834306761622428894,51.8332290649414,-0.668126046657562,3.81802153587341,0.0638383477926254,-0.000376105308532715,42.4787750244141,-71.3688583374023,232.333419799805,182.826141357422,-0.040316965430975,-0.289063513278961,108.133895874023,51.9779510498047,-0.651920914649963,-0.171794444322586,-2.49999976158142,0.376795738935471,70
738533.39834555098786950111,51.7960929870605,-0.735578835010529,3.77131271362305,0.0638383477926254,-0.000376105308532715,42.4787673950195,-71.3687210083008,232.13020324707,182.153503417969,-0.106750942766666,-0.317839086055756,108.032318115234,51.9384155273438,-0.707138776779175,-0.180351793766022,-2.49999952316284,0.380482971668243,70
738533.39834794239141047001,51.7623252868652,-0.804307878017426,3.72534561157227,0.0638383477926254,-0.000376105308532715,42.478759765625,-71.3685913085938,231.916366577148,181.478698730469,-0.173799261450768,-0.311763435602188,107.937477111816,51.9024429321289,-0.763955235481262,-0.192053943872452,-2.50000023841858,0.384161472320557,70
738533.39835039945319294930,51.7315330505371,-0.882742404937744,3.68427276611328,0.0638383477926254,-0.000376105308532715,42.4787521362305,-71.3684616088867,231.687438964844,180.790023803711,-0.239008098840714,0.0153022259473801,107.847724914551,51.8700752258301,-0.8233842253685,-0.238014414906502,-2.49999976158142,0.387892365455627,70
738533.39835274568758904934,51.7029113769531,-0.949737131595612,3.65040254592896,0.0638383477926254,-0.000376105308532715,42.4787483215332,-71.3683319091797,231.451049804688,180.230163574219,-0.308084607124329,0.131944969296455,107.765678405762,51.8403205871582,-0.88385397195816,-0.147207573056221,-2.49999952316284,0.391561448574066,70
738533.39835504197981208563,51.6766357421875,-1.01843404769897,3.62037038803101,0.0638383477926254,-0.000376105308532715,42.4787406921387,-71.3682022094727,231.202606201172,179.690521240234,-0.390806913375854,0.0934018492698669,107.688827514648,51.8133087158203,-0.946069955825806,-0.130395382642746,-2.50000023841858,0.395265728235245,70
738533.39835725631564855576,51.6544189453125,-1.08520793914795,3.59128046035767,0.0638383477926254,-0.000376105308532715,42.4787368774414,-71.3680801391602,230.953964233398,179.16552734375,-0.468545228242874,0.0570801198482513,107.620513916016,51.7904815673828,-1.00652289390564,-0.125279247760773,-2.5,0.398818612098694,70
738533.39835957635659724474,51.6340141296387,-1.15627813339233,3.56027173995972,0.0638383477926254,-0.000376105308532715,42.4787292480469,-71.3679580688477,230.681198120117,178.604858398438,-0.549369931221008,0.0194230955094099,107.553970336914,51.7695274353027,-1.07102954387665,-0.126637414097786,-2.5,0.40259250998497,70
738533.39836185239255428314,51.6165504455566,-1.22782778739929,3.52885365486145,0.0638383477926254,-0.000376105308532715,42.4787216186523,-71.3678359985352,230.397567749023,178.036590576172,-0.629211723804474,-0.0176246855407953,107.493125915527,51.7516059875488,-1.13607919216156,-0.132228761911392,-2.5,0.406364232301712,70
738533.39836426323745399714,51.6011657714844,-1.30359923839569,3.49525737762451,0.0638383477926254,-0.000376105308532715,42.4787178039551,-71.3677062988281,230.086853027344,177.429244995117,-0.712404489517212,-0.055193480104208,107.435012817383,51.7358360290527,-1.2053564786911,-0.140591681003571,-2.49999952316284,0.410357356071472,70
738533.39836656127590686083,51.5893440246582,-1.3770534992218,3.46304202079773,0.0638383477926254,-0.000376105308532715,42.4787101745605,-71.3675765991211,229.772018432617,177.287506103516,-0.806571900844574,-0.0263974517583847,107.384178161621,51.7237777709961,-1.27342665195465,-0.174024432897568,-2.50000023841858,0.41423574090004,70
738533.39836892567109316587,51.5804786682129,-1.46364891529083,3.43566393852234,0.0638383477926254,-0.000376105308532715,42.4787063598633,-71.3674468994141,229.426330566406,177.231018066406,-0.893035173416138,0.433650851249695,107.33674621582,51.7154922485352,-1.34611344337463,-0.214160695672035,-2.5,0.418347924947739,70
738533.39837116422131657600,51.5735549926758,-1.53456604480743,3.42475724220276,0.0638383477926254,-0.000376105308532715,42.4786987304688,-71.3673324584961,229.095657348633,177.164627075195,-0.953524231910706,1.08852088451385,107.298835754395,51.7099189758301,-1.41409242153168,-0.165721163153648,-2.5,0.422123670578003,70
738533.39837345969863235950,51.5661392211914,-1.59794366359711,3.42835903167725,0.0638383477926254,-0.000376105308532715,42.4786949157715,-71.3672027587891,228.731094360352,177.080505371094,-1.00468969345093,1.41458308696747,107.26407623291,51.7046775817871,-1.48746848106384,0.00656331051141024,-2.5,0.426197290420532,70
738533.39837568369694054127,51.5601501464844,-1.65725147724152,3.4399094581604,0.0638383477926254,-0.000376105308532715,42.478687286377,-71.3670806884766,228.367828369141,176.988037109375,-1.10747003555298,1.37824082374573,107.235740661621,51.7013397216797,-1.55761933326721,0.0768612548708916,-2.50000023841858,0.430168062448502,70
738533.39837792259640991688,51.557014465332,-1.72407197952271,3.45182013511658,0.0638383477926254,-0.000376105308532715,42.4786834716797,-71.3669586181641,227.989334106445,176.882232666016,-1.20173978805542,1.34181094169617,107.212387084961,51.7011909484863,-1.62693881988525,0.103967048227787,-2.50000047683716,0.434210181236267,70
738533.39838012075051665306,51.556583404541,-1.78959989547729,3.46292757987976,0.0638383477926254,-0.000376105308532715,42.4786758422852,-71.3668441772461,227.613494873047,176.768203735352,-1.2888650894165,1.3057781457901,107.195022583008,51.7037315368652,-1.69255888462067,0.113230548799038,-2.50000047683716,0.438108652830124,70
738533.39838231459725648165,51.5585174560547,-1.86238324642181,3.47363686561584,0.0806617811322212,-0.000376105308532715,42.4786720275879,-71.3667221069336,227.217437744141,176.638916015625,-1.36102485656738,1.26890206336975,107.182373046875,51.7089500427246,-1.75909912586212,0.111642554402351,-2.50000047683716,0.442110508680344,70
738533.39838455920107662678,51.5616760253906,-1.92090117931366,3.4839813709259,0.0870849192142487,-0.000376105308532715,42.4786643981934,-71.3666000366211,226.804183959961,176.494873046875,-1.33531188964844,1.23187577724457,107.174705505371,51.7149353027344,-1.82663655281067,0.113507933914661,-2.50000023841858,0.446169793605804,70
738533.39838677132502198219,51.5650062561035,-1.95476090908051,3.49394154548645,0.0870849192142487,-0.000376105308532715,42.4786605834961,-71.3664779663086,226.386123657227,176.343978881836,-1.31894159317017,1.19507920742035,107.171592712402,51.7201957702637,-1.89259731769562,0.10444625467062,-2.50000023841858,0.450211137533188,70
738533.39838887436781078577,51.5684432983398,-1.97705948352814,3.50280141830444,0.0870849192142487,-0.000376105308532715,42.4786567687988,-71.3663635253906,225.975601196289,176.192581176758,-1.31243014335632,1.15965485572815,107.172058105469,51.7250671386719,-1.95283567905426,0.0932581201195717,-2.50000023841858,0.454132437705994,70
738533.39839096483774483204,51.5719337463379,-1.9928252696991,3.51042318344116,0.0870849192142487,-0.000376105308532715,42.4786491394043,-71.3662490844727,225.582077026367,176.045425415039,-1.3124030828476,1.12612450122833,107.175048828125,51.7296714782715,-2.00496220588684,0.0809971541166306,-2.50000023841858,0.457860767841339,70
738533.39839327021036297083,51.5761795043945,-2.00743985176086,3.51801586151123,0.0870849192142487,-0.000376105308532715,42.478645324707,-71.3661270141602,225.135040283203,175.876388549805,-1.31720685958862,1.08846235275269,107.180809020996,51.7349853515625,-2.05708479881287,0.0662819147109985,-2.5,0.462108224630356,70
738533.39839551516342908144,51.5807571411133,-2.0195791721344,3.52435493469238,0.0870849192142487,-0.000376105308532715,42.4786376953125,-71.3660049438477,224.689483642578,175.706344604492,-1.32448518276215,1.05122721195221,107.188438415527,51.7404518127441,-2.10132718086243,0.0546711906790733,-2.50000023841858,0.466311693191528,70
738533.39839773753192275763,51.5854911804199,-2.02972555160522,3.52933406829834,0.0870849192142487,-0.000376105308532715,42.4786338806152,-71.3658828735352,224.260391235352,175.541290283203,-1.33264911174774,1.01562452316284,107.197174072266,51.7459106445312,-2.13727116584778,0.0451506599783897,-2.50000023841858,0.470328599214554,70
738533.39839999831747263670,51.5908432006836,-2.03922367095947,3.53346037864685,0.0870849192142487,-0.000376105308532715,42.4786262512207,-71.3657608032227,223.806640625,175.36555480957,-1.34166419506073,0.978244960308075,107.207572937012,51.751895904541,-2.16918921470642,0.0349828824400902,-2.50000023841858,0.474583595991135,70
738533.39840220299083739519,51.5962448120117,-2.04733824729919,3.53627943992615,0.0870849192142487,-0.000376105308532715,42.4786224365234,-71.3656387329102,223.374816894531,175.197372436523,-1.35022413730621,0.94289368391037,107.218315124512,51.7577972412109,-2.19455051422119,0.0258954372256994,-2.50000023841858,0.478614002466202,70
738533.39840433874633163214,51.6018028259277,-2.05454659461975,3.53799057006836,0.0870849192142487,-0.000376105308532715,42.4786148071289,-71.3655242919922,222.952575683594,175.032043457031,-1.35833442211151,0.908502399921417,107.229484558105,51.7637367248535,-2.21545004844666,0.0177405942231417,-2.50000023841858,0.482545763254166,70
738533.39840656507294625044,51.6078720092773,-2.06141948699951,3.53866457939148,0.0870849192142487,-0.000376105308532715,42.4786109924316,-71.3654022216797,222.511779785156,174.858673095703,-1.36641848087311,0.872771382331848,107.241790771484,51.7701110839844,-2.23392105102539,0.0106447860598564,-2.50000023841858,0.486658096313477,70
738533.39840885740704834461,51.6144218444824,-2.06789875030518,3.5382125377655,0.0870849192142487,-0.000376105308532715,42.4786033630371,-71.3652801513672,222.055770874023,174.678512573242,-1.37428987026215,0.835977077484131,107.255104064941,51.7768669128418,-2.2500913143158,0.00329314265400171,-2.50000047683716,0.490906745195389,70
738533.39841118885669857264,51.6212844848633,-2.0738251209259,3.53658509254456,0.0870849192142487,-0.000376105308532715,42.4785995483398,-71.3651580810547,221.596466064453,174.496353149414,-1.38167428970337,0.799097537994385,107.268951416016,51.7838325500488,-2.26392078399658,-0.0043383021838963,-2.50000023841858,0.495176166296005,70
738533.39841357141267508268,51.6285743713379,-2.07930564880371,3.53368306159973,0.0870849192142487,-0.000376105308532715,42.4785919189453,-71.3650283813477,221.125473022461,174.30891418457,-1.38865005970001,0.76142418384552,107.283554077148,51.7911186218262,-2.27604627609253,-0.0117550222203135,-2.50000023841858,0.499558359384537,70
738533.39841595932375639677,51.636344909668,-2.08434271812439,3.52937459945679,0.0870849192142487,-0.000376105308532715,42.4785842895508,-71.3648986816406,220.639007568359,174.114669799805,-1.39520180225372,0.722618937492371,107.298988342285,51.7987747192383,-2.28680348396301,-0.0187860112637281,-2.50000023841858,0.504102826118469,70
738533.39841839950531721115,51.6444625854492,-2.08884167671204,3.5236701965332,0.0870849192142487,-0.000376105308532715,42.4785804748535,-71.3647613525391,220.14501953125,173.91682434082,-1.4011914730072,0.683367908000946,107.314971923828,51.8066596984863,-2.29621648788452,-0.0265008453279734,-2.50000023841858,0.508706867694855,70
738533.39842078275978565216,51.6525535583496,-2.09263277053833,3.51682162284851,0.0870849192142487,-0.000376105308532715,42.478572845459,-71.364631652832,219.664947509766,173.724105834961,-1.40637648105621,0.645347952842712,107.330726623535,51.8144111633301,-2.30414390563965,-0.0337316021323204,-2.50000023841858,0.513167202472687,70
738533.39842325588688254356,51.6609992980957,-2.09592175483704,3.50851082801819,0.0870849192142487,-0.000376105308532715,42.4785652160645,-71.364501953125,219.17463684082,173.526840209961,-1.41103208065033,0.606650829315186,107.347045898438,51.8224029541016,-2.31119847297668,-0.0411378517746925,-2.5,0.517735481262207,70
738533.39842540025711059570,51.6689033508301,-2.09849977493286,3.49969983100891,0.0870849192142487,-0.000376105308532715,42.4785614013672,-71.3643798828125,218.72412109375,173.333435058594,-1.41470205783844,0.571194112300873,107.362144470215,51.8297920227051,-2.31685376167297,-0.0481354519724846,-2.50000047683716,0.521921634674072,70
738533.39842762635089457035,51.6768989562988,-2.10090732574463,3.48971676826477,0.0870849192142487,-0.000376105308532715,42.4785575866699,-71.3642578125,218.272109985352,173.104843139648,-1.41504228115082,0.535763442516327,107.37744140625,51.8371887207031,-2.32185077667236,-0.0545305199921131,-2.50000023841858,0.526147782802582,70
738533.39842988166492432356,51.6848564147949,-2.10257863998413,3.47867965698242,0.0870849192142487,-0.000376105308532715,42.4785499572754,-71.3641357421875,217.82373046875,172.877914428711,-1.41491794586182,0.500670492649078,107.392631530762,51.8444480895996,-2.32621359825134,-0.0603216476738453,-2.5,0.530363917350769,70
738533.39843208692036569118,51.6927909851074,-2.10378837585449,3.46660089492798,0.0870849192142487,-0.000376105308532715,42.4785461425781,-71.364013671875,217.377334594727,172.65185546875,-1.41479003429413,0.465813279151917,107.407760620117,51.8515930175781,-2.33000111579895,-0.0669616162776947,-2.5,0.5345738530159,70
738533.39843438961543142796,51.701099395752,-2.10456705093384,3.45279860496521,0.0870849192142487,-0.000376105308532715,42.4785385131836,-71.3638916015625,216.911315917969,172.415802001953,-1.41456687450409,0.429468780755997,107.423530578613,51.8589897155762,-2.33339691162109,-0.0735569447278976,-2.5,0.538997292518616,70
738533.39843658776953816414,51.7091407775879,-2.10485196113586,3.43830347061157,0.0870849192142487,-0.000376105308532715,42.4785346984863,-71.36376953125,216.461380004883,172.187866210938,-1.41421031951904,0.394429594278336,107.438652038574,51.8660545349121,-2.33614492416382,-0.0793634206056595,-2.50000047683716,0.54326719045639,70
738533.39843889442272484303,51.7173194885254,-2.10465717315674,3.42243552207947,0.0870849192142487,-0.000376105308532715,42.4785270690918,-71.3636474609375,216.004806518555,171.956573486328,-1.41364526748657,0.358963698148727,107.453903198242,51.8731536865234,-2.3384222984314,-0.0852634012699127,-2.50000023841858,0.54762214422226,70
738533.39844109979458153248,51.7256355285645,-2.10398960113525,3.40512824058533,0.0870849192142487,-0.000376105308532715,42.4785232543945,-71.363525390625,215.541091918945,171.721710205078,-1.41282391548157,0.322991609573364,107.469192504883,51.8802757263184,-2.34021782875061,-0.0914119333028793,-2.50000047683716,0.552074491977692,70
738533.39844337664544582367,51.7337608337402,-2.10289406776428,3.38702487945557,0.0870849192142487,-0.000376105308532715,42.478515625,-71.3634033203125,215.087951660156,171.492340087891,-1.41177773475647,0.287853300571442,107.483985900879,51.887149810791,-2.34147763252258,-0.0965809226036072,-2.50000047683716,0.556450366973877,70
738533.39844555989839136600,51.7417259216309,-2.10140013694763,3.3681583404541,0.0870849192142487,-0.000376105308532715,42.4785118103027,-71.36328125,214.643264770508,171.267364501953,-1.41047549247742,0.253414839506149,107.498336791992,51.893798828125,-2.34224820137024,-0.102600373327732,-2.5,0.560767590999603,70
738533.39844783558510243893,51.7498092651367,-2.09946799278259,3.34786891937256,0.0870849192142487,-0.000376105308532715,42.4785041809082,-71.3631591796875,214.191589355469,171.0390625,-1.40886127948761,0.218458190560341,107.512741088867,51.9004707336426,-2.34256792068481,-0.109438002109528,-2.50000023841858,0.565191090106964,70
738533.39844996808096766472,51.7576370239258,-2.09718871116638,3.32705354690552,0.0870849192142487,-0.000376105308532715,42.4785003662109,-71.3630447387695,213.75325012207,170.801315307617,-1.40699279308319,0.184495359659195,107.526489257812,51.9068450927734,-2.342440366745,-0.115646384656429,-2.5,0.569503664970398,70
738533.39845218509435653687,51.7651176452637,-2.09921598434448,3.30473327636719,0.0870849192142487,-0.000376105308532715,42.4784965515137,-71.362922668457,213.307327270508,169.91943359375,-1.38094043731689,0.150137975811958,107.540199279785,51.9129600524902,-2.34199476242065,-0.119247600436211,-2.5,0.573933064937592,70
738533.39845441363286226988,51.7716865539551,-2.09775590896606,3.28119516372681,0.0870849192142487,-0.000376105308532715,42.4784889221191,-71.3628005981445,212.859893798828,169.034164428711,-1.34821784496307,0.115526922047138,107.553428649902,51.9179611206055,-2.34152340888977,-0.122351363301277,-2.49999976158142,0.578406870365143,70
738533.39845658210106194019,51.7774085998535,-2.09613656997681,3.25638294219971,0.0870849192142487,-0.000376105308532715,42.4784851074219,-71.362678527832,212.410034179688,168.143768310547,-1.32056999206543,0.0807876661419868,107.565841674805,51.9220390319824,-2.34095001220703,-0.128441587090492,-2.50000023841858,0.582939684391022,70
738533.39845879015047103167,51.7823066711426,-2.09424209594727,3.23095870018005,0.0870849192142487,-0.000376105308532715,42.4784774780273,-71.3625640869141,211.970123291016,167.272384643555,-1.29748928546906,0.0468286871910095,107.57689666748,51.9252548217773,-2.34022951126099,-0.135005012154579,-2.5,0.587401747703552,70
738533.39846110274083912373,51.7868232727051,-2.09195685386658,3.20310974121094,0.0870849192142487,-0.000376105308532715,42.4784736633301,-71.362434387207,211.509124755859,166.358688354492,-1.27687323093414,0.0112393060699105,107.587303161621,51.9279441833496,-2.33925867080688,-0.143174439668655,-2.50000047683716,0.592126548290253,70
738533.39846344885881990194,51.7908935546875,-2.08934926986694,3.17346215248108,0.0870849192142487,-0.000376105308532715,42.4784698486328,-71.3623123168945,211.039993286133,165.428146362305,-1.25903248786926,-0.025023901835084,107.596488952637,51.9300765991211,-2.33801126480103,-0.151439234614372,-2.50000023841858,0.59697949886322,70
738533.39846575877163559198,51.7945709228516,-2.08645939826965,3.14207005500793,0.0870849192142487,-0.000376105308532715,42.4784622192383,-71.3621826171875,210.56477355957,164.484771728516,-1.24363446235657,-0.061793465167284,107.6044921875,51.9317169189453,-2.33646464347839,-0.159391939640045,-2.50000023841858,0.601947247982025,70
738533.39846807357389479876,51.7977256774902,-2.08570957183838,3.11041593551636,0.0988241732120514,-0.000376105308532715,42.478458404541,-71.362060546875,210.105361938477,163.572082519531,-1.22666430473328,-0.0973044112324715,107.611000061035,51.9329299926758,-2.33469724655151,-0.166677966713905,-2.50000023841858,0.606788396835327,70
738533.39847036439459770918,51.7996597290039,-2.07806396484375,3.07712578773499,0.104735665023327,-0.000376105308532715,42.4784545898438,-71.361930847168,209.642532348633,162.652328491211,-1.1317126750946,-0.132853999733925,107.616363525391,51.9325714111328,-2.33295655250549,-0.165249437093735,-2.50000023841858,0.611713409423828,70
738533.39847269654273986816,51.799259185791,-2.0587329864502,3.04190349578857,0.122740142047405,-0.000376105308532715,42.4784469604492,-71.3618011474609,209.175872802734,161.72119140625,-1.0144647359848,-0.168985232710838,107.620002746582,51.9293251037598,-2.33028364181519,-0.168490350246429,-2.5,0.616770803928375,70
738533.39847497327718883753,51.7961540222168,-2.0114643573761,3.00636386871338,0.122740142047405,-0.000376105308532715,42.478443145752,-71.3616790771484,208.731582641602,160.828063964844,-0.861653685569763,-0.204165369272232,107.621124267578,51.922306060791,-2.32505798339844,-0.169927597045898,-2.50000023841858,0.621685802936554,70
738533.39847722777631133795,51.7896728515625,-1.95255124568939,2.96928572654724,0.122740142047405,-0.000376105308532715,42.4784393310547,-71.3615570068359,208.297027587891,159.943634033203,-0.737594783306122,-0.239491820335388,107.619018554688,51.9114570617676,-2.31423854827881,-0.179910510778427,-2.5,0.626665472984314,70
738533.39847941370680928230,51.7804908752441,-1.8883740901947,2.93169379234314,0.122740142047405,-0.000376105308532715,42.4784317016602,-71.3614349365234,207.885391235352,159.093338012695,-0.632404386997223,-0.273998349905014,107.613265991211,51.8977813720703,-2.29624080657959,-0.191388636827469,-2.5,0.631559729576111,70
738533.39848160697147250175,51.7689323425293,-1.82170116901398,2.89335799217224,0.122740142047405,-0.000376105308532715,42.4784278869629,-71.3613204956055,207.493438720703,158.270523071289,-0.539088606834412,-0.308007627725601,107.603668212891,51.8817176818848,-2.27059936523438,-0.201348260045052,-2.50000023841858,0.636411964893341,70
738533.39848380803596228361,51.7547874450684,-1.7519623041153,2.8526337146759,0.122740142047405,-0.000376105308532715,42.4784240722656,-71.361198425293,207.107559204102,157.445938110352,-0.451091021299362,-0.342876315116882,107.589637756348,51.8629417419434,-2.23642301559448,-0.198763698339462,-2.50000023841858,0.641410171985626,70
738533.39848619932308793068,51.7372665405273,-1.67737710475922,2.8083438873291,0.122740142047405,-0.000376105308532715,42.4784202575684,-71.3610687255859,206.713790893555,156.58772277832,-0.363405764102936,-0.379653751850128,107.569770812988,51.8405723571777,-2.1920702457428,-0.205338254570961,-2.50000047683716,0.646775841712952,70
738533.39848848199471831322,51.7173919677734,-1.60351896286011,2.76365256309509,0.122740142047405,-0.000376105308532715,42.4784164428711,-71.3609466552734,206.338088989258,155.751342773438,-0.280598282814026,-0.415889889001846,107.545112609863,51.8159980773926,-2.14108848571777,-0.237326592206955,-2.50000023841858,0.652138769626617,70
738533.39849088084883987904,51.6947250366211,-1.52845311164856,2.71381163597107,0.122740142047405,-0.000376105308532715,42.4784088134766,-71.3608169555664,205.966857910156,154.905853271484,-0.198961660265923,-0.454468339681625,107.514503479004,51.7884674072266,-2.08264756202698,-0.183002814650536,-2.5,0.657722473144531,70
738533.39849312428850680590,51.6712760925293,-1.45846796035767,2.66141700744629,0.122740142047405,-0.000376105308532715,42.4784049987793,-71.3606948852539,205.62809753418,154.116149902344,-0.124290652573109,-0.492426931858063,107.48072052002,51.7603225708008,-2.02296280860901,0.0111136706545949,-2.50000023841858,0.663072049617767,70
738533.39849531953223049641,51.6461181640625,-1.39099979400635,2.6098165512085,0.122740142047405,-0.000376105308532715,42.478401184082,-71.3605728149414,205.308319091797,153.352966308594,-0.0531187318265438,-0.527743816375732,107.443298339844,51.7307205200195,-1.96139824390411,0.184974506497383,-2.50000023841858,0.668391048908234,70
738533.39849775866605341434,51.6166572570801,-1.32004880905151,2.55791616439819,0.122740142047405,-0.000376105308532715,42.4783973693848,-71.3604431152344,204.979995727539,152.549468994141,0.0213457271456718,-0.561380624771118,107.398864746094,51.6968536376953,-1.89308571815491,0.245428055524826,-2.5,0.674189209938049,70
738533.39850004389882087708,51.5860557556152,-1.25327432155609,2.51019215583801,0.122740142047405,-0.000376105308532715,42.4783935546875,-71.3603134155273,204.677825927734,151.790130615234,0.0913015753030777,-0.590483784675598,107.352355957031,51.662296295166,-1.82628357410431,0.23227895796299,-2.49999976158142,0.679801762104034,70
738533.39850236976053565741,51.5532875061035,-1.1897166967392,2.46415615081787,0.122740142047405,-0.000376105308532715,42.4783897399902,-71.3601913452148,204.386413574219,151.038009643555,0.15896512567997,-0.576952278614044,107.301811218262,51.6258544921875,-1.75839149951935,0.166283950209618,-2.49999952316284,0.685530781745911,70
738533.39850464090704917908,51.5206260681152,-1.14897751808167,2.43159198760986,0.122740142047405,-0.000376105308532715,42.478385925293,-71.3600692749023,204.114608764648,150.320877075195,0.216947585344315,0.200094074010849,107.249626159668,51.5907707214355,-1.69340705871582,0.00465678749606013,-2.49999952316284,0.691123008728027,70
738533.39850681251846253872,51.4846725463867,-1.10689651966095,2.42713069915771,0.122740142047405,-0.000376105308532715,42.4783821105957,-71.3599472045898,203.85270690918,149.617126464844,0.285908460617065,1.56173086166382,107.194694519043,51.5537338256836,-1.6314115524292,0.0467453226447105,-2.49999952316284,0.696744322776794,70
738533.39850913721602410078,51.4404716491699,-1.06154072284698,2.46865224838257,0.122740142047405,-0.000376105308532715,42.4783782958984,-71.3598175048828,203.584274291992,148.881408691406,0.369910418987274,3.07212781906128,107.133003234863,51.510612487793,-1.56917893886566,0.224053591489792,-2.49999952316284,0.702790081501007,70
738533.39851135737262666225,51.3922843933105,-1.01492011547089,2.54514932632446,0.122740142047405,-0.000376105308532715,42.4783744812012,-71.3597030639648,203.337844848633,148.190551757812,0.443517923355103,3.75289964675903,107.071105957031,51.4652786254883,-1.51317596435547,0.573229432106018,-2.5,0.708573698997498,70
738533.39851358102168887854,51.3403167724609,-0.965884864330292,2.6401035785675,0.122740142047405,-0.000376105308532715,42.4783706665039,-71.3595809936523,203.103591918945,147.518173217773,0.490375965833664,3.73562622070312,107.006782531738,51.4172248840332,-1.46014106273651,0.694017827510834,-2.50000047683716,0.714324295520782,70
738533.39851586031727492809,51.2866439819336,-0.919264793395996,2.73789167404175,0.122740142047405,-0.000376105308532715,42.4783668518066,-71.3594589233398,202.875900268555,146.953262329102,0.535697996616364,3.71706771850586,106.938591003418,51.3678970336914,-1.40804660320282,0.736632406711578,-2.49999976158142,0.720162451267242,70
738533.39851806173101067543,51.2328910827637,-0.864815235137939,2.83669114112854,0.122740142047405,-0.000376105308532715,42.4783592224121,-71.3593368530273,202.658721923828,147.236877441406,0.51731938123703,3.69951748847961,106.867614746094,51.3186492919922,-1.35695552825928,0.744687020778656,-2.5,0.725985646247864,70
738533.39852026954758912325,51.1816482543945,-0.821082293987274,2.93310213088989,0.122740142047405,-0.000376105308532715,42.4783554077148,-71.3592224121094,202.455474853516,147.523193359375,0.491697758436203,3.68359899520874,106.79621887207,51.2721977233887,-1.30746185779572,0.729900419712067,-2.5,0.731651544570923,70
738533.39852251810953021049,51.1286773681641,-0.777259588241577,3.03457736968994,0.122740142047405,-0.000376105308532715,42.4783515930176,-71.3591003417969,202.250564575195,147.833618164062,0.474834829568863,3.66754412651062,106.719619750977,51.224552154541,-1.25610375404358,0.705431818962097,-2.5,0.737590730190277,70
738533.39852469903416931629,51.078727722168,-0.737872958183289,3.13113760948181,0.122740142047405,-0.000376105308532715,42.4783477783203,-71.3589782714844,202.063064575195,148.137985229492,0.466038286685944,3.64991021156311,106.646049499512,51.1799240112305,-1.20829367637634,0.6797896027565,-2.50000023841858,0.743179678916931,70
738533.39852691371925175190,51.0291786193848,-0.700953125953674,3.22719812393188,0.122740142047405,-0.000376105308532715,42.4783401489258,-71.3588638305664,201.88298034668,148.4306640625,0.462877184152603,3.63029479980469,106.572334289551,51.135929107666,-1.16184175014496,0.654163837432861,-2.49999976158142,0.748709619045258,70
738533.39852908940520137548,50.9799270629883,-0.667340993881226,3.32234358787537,0.122740142047405,-0.000376105308532715,42.4783363342285,-71.3587417602539,201.710113525391,148.65202331543,0.468629270792007,3.610755443573,106.498954772949,51.0924301147461,-1.11712861061096,0.630075812339783,-2.5,0.75415164232254,70
738533.39853123784996569157,50.9317245483398,-0.636262774467468,3.4146990776062,0.122740142047405,-0.000376105308532715,42.4783325195312,-71.3586273193359,201.54719543457,148.875,0.477963924407959,3.59181308746338,106.427536010742,51.0500297546387,-1.07522189617157,0.609267115592957,-2.5,0.759394466876984,70
738533.39853349630720913410,50.8809356689453,-0.605988800525665,3.51103758811951,0.122740142047405,-0.000376105308532715,42.4783248901367,-71.358512878418,201.381912231445,149.116073608398,0.489494562149048,3.57202625274658,106.3525390625,51.0055313110352,-1.03309762477875,0.590399086475372,-2.5,0.764846682548523,70
738533.39853579259943217039,50.8289184570312,-0.577616095542908,3.60859298706055,0.122740142047405,-0.000376105308532715,42.4783210754395,-71.3583831787109,201.218963623047,149.368774414062,0.502361953258514,3.5519118309021,106.276138305664,50.9601287841797,-0.99230945110321,0.573952496051788,-2.5,0.770328342914581,70
738533.39853808551561087370,50.7760200500488,-0.551477611064911,3.70658898353577,0.122740142047405,-0.000376105308532715,42.4783134460449,-71.3582611083984,201.059265136719,149.631195068359,0.515981137752533,3.53131318092346,106.198837280273,50.9141159057617,-0.953368782997131,0.559987485408783,-2.5,0.775779902935028,70
738533.39854035910684615374,50.724723815918,-0.529399931430817,3.79960131645203,0.122740142047405,-0.000376105308532715,42.4783058166504,-71.3581390380859,200.909149169922,149.890960693359,0.530865013599396,3.4346752166748,106.124069213867,50.8695869445801,-0.918047904968262,0.564087867736816,-2.5,0.780951082706451,70
738533.39854259358253329992,50.6730117797852,-0.508657097816467,3.88932585716248,0.122740142047405,-0.000376105308532715,42.4783020019531,-71.358024597168,200.761413574219,150.158737182617,0.542909324169159,3.20098233222961,106.048324584961,50.8246002197266,-0.884788572788239,0.546000063419342,-2.49999976158142,0.786091029644012,70
738533.39854492747690528631,50.6216239929199,-0.488756775856018,3.97223711013794,0.122740142047405,-0.000376105308532715,42.4782943725586,-71.3578948974609,200.616912841797,150.432861328125,0.554049849510193,2.95404291152954,105.972099304199,50.7795829772949,-0.853788912296295,0.50569486618042,-2.50000071525574,0.791151404380798,70
738533.39854718546848744154,50.5713043212891,-0.470040380954742,4.04675674438477,0.122740142047405,-0.000376105308532715,42.4782867431641,-71.357780456543,200.476806640625,151.001098632812,0.562150955200195,2.69725799560547,105.896102905273,50.7351341247559,-0.825219631195068,0.455034285783768,-2.50000047683716,0.796083688735962,70
738533.39854947151616215706,50.5206260681152,-0.452824085950851,4.11487627029419,0.122740142047405,-0.000376105308532715,42.4782791137695,-71.3576507568359,200.336181640625,151.816284179688,0.562780320644379,2.4421718120575,105.817611694336,50.6899490356445,-0.797932624816895,0.393769860267639,-2.50000047683716,0.801066100597382,70
738533.39855166233610361814,50.4741134643555,-0.439613670110703,4.17267990112305,0.122740142047405,-0.000376105308532715,42.478271484375,-71.357536315918,200.206848144531,152.584854125977,0.562893390655518,2.35621523857117,105.743980407715,50.6482086181641,-0.774293303489685,0.329998165369034,-2.5,0.805625081062317,70
738533.39855392719618976116,50.4282684326172,-0.427419632673264,4.22676849365234,0.122740142047405,-0.000376105308532715,42.4782676696777,-71.3574142456055,200.080612182617,153.3515625,0.56507408618927,2.29893517494202,105.670738220215,50.6068992614746,-0.752631068229675,0.301254332065582,-2.5,0.810076177120209,70
738533.39855620940215885639,50.3808403015137,-0.417769074440002,4.28126287460327,0.122740142047405,-0.000376105308532715,42.4782600402832,-71.357292175293,199.950775146484,154.154724121094,0.56591659784317,2.26677560806274,105.594055175781,50.5641441345215,-0.731917858123779,0.278052031993866,-2.49999976158142,0.814651370048523,70
738533.39855840662494301796,50.3365592956543,-0.411124378442764,4.3312292098999,0.122740142047405,-0.000376105308532715,42.4782524108887,-71.357177734375,199.830032348633,154.911865234375,0.565754413604736,2.24757504463196,105.522155761719,50.5242309570312,-0.7143634557724,0.269216358661652,-2.49999976158142,0.818862199783325,70
738533.39856060326565057039,50.2910270690918,-0.411124497652054,4.38174438476562,0.122740142047405,-0.000376105308532715,42.4782447814941,-71.357063293457,199.706024169922,155.076477050781,0.582381904125214,2.2276828289032,105.447982788086,50.483226776123,-0.69832706451416,0.264743119478226,-2.49999952316284,0.82314133644104,70
738533.39856289350427687168,50.2436256408691,-0.410712689161301,4.43278455734253,0.122740142047405,-0.000376105308532715,42.4782371520996,-71.3569412231445,199.57861328125,155.122741699219,0.613923490047455,2.20699644088745,105.371788024902,50.4404640197754,-0.684512317180634,0.264166325330734,-2.5,0.82746684551239,70
738533.39856513345148414373,50.1966857910156,-0.412915736436844,4.48190832138062,0.122740142047405,-0.000376105308532715,42.4782295227051,-71.356819152832,199.453460693359,155.168167114258,0.6370490193367,2.18659210205078,105.297157287598,50.3980674743652,-0.673626780509949,0.263219952583313,-2.5,0.831623077392578,70
738533.39856735488865524530,50.150203704834,-0.417384415864944,4.52945041656494,0.122740142047405,-0.000376105308532715,42.4782218933105,-71.3567047119141,199.329406738281,155.212493896484,0.654098033905029,2.16494822502136,105.223419189453,50.3560638427734,-0.665418684482574,0.262505620718002,-2.49999976158142,0.835640907287598,70
738533.39856965118087828159,50.1031875610352,-0.424068123102188,4.57662916183472,0.122740142047405,-0.000376105308532715,42.478214263916,-71.3565826416016,199.202789306641,155.256500244141,0.665501594543457,2.14400839805603,105.148452758789,50.3135643005371,-0.659615218639374,0.263139814138412,-2.49999976158142,0.839646100997925,70
738533.39857197972014546394,50.054256439209,-0.433514416217804,4.6250433921814,0.122740142047405,-0.000376105308532715,42.4782066345215,-71.3564605712891,199.068893432617,155.301025390625,0.67180985212326,2.12311458587646,105.06974029541,50.2693519592285,-0.656184315681458,0.263080775737762,-2.49999976158142,0.843760132789612,70
738533.39857420849148184061,50.0080223083496,-0.445580512285233,4.67074012756348,0.122740142047405,-0.000376105308532715,42.478199005127,-71.3563385009766,198.939270019531,155.341552734375,0.673304259777069,2.12574911117554,104.994697570801,50.2276496887207,-0.655386567115784,0.256367653608322,-2.49999976158142,0.847595512866974,70
738533.39857637649402022362,49.9635696411133,-0.463315367698669,4.71718835830688,0.122740142047405,-0.000376105308532715,42.4781913757324,-71.3562240600586,198.81005859375,155.378387451172,0.67039543390274,2.29787731170654,104.921508789062,50.1878967285156,-0.657027721405029,0.232996836304665,-2.50000023841858,0.851273238658905,70
738533.39857863751240074635,49.9177665710449,-0.482392311096191,4.7704644203186,0.122740142047405,-0.000376105308532715,42.4781837463379,-71.3561096191406,198.674224853516,155.412719726562,0.664411127567291,2.60886979103088,104.846633911133,50.147518157959,-0.661492943763733,0.259792059659958,-2.50000023841858,0.854981660842896,70
738533.39858080504927784204,49.8724174499512,-0.503249049186707,4.83122730255127,0.122740142047405,-0.000376105308532715,42.4781761169434,-71.3559951782227,198.538055419922,155.44270324707,0.656052827835083,2.91675615310669,104.774032592773,50.1084022521973,-0.668557822704315,0.306532829999924,-2.5,0.858531415462494,70
738533.39858324266970157623,49.822437286377,-0.537488698959351,4.90629005432129,0.122740142047405,-0.000376105308532715,42.4781684875488,-71.3558654785156,198.386077880859,154.833557128906,0.687986433506012,3.25485777854919,104.696495056152,50.0663146972656,-0.679335951805115,0.365437299013138,-2.5,0.862292647361755,70
738533.39858561032451689243,49.7679634094238,-0.569363653659821,4.99493789672852,0.122740142047405,-0.000376105308532715,42.478157043457,-71.3557434082031,198.222778320312,154.149032592773,0.735274076461792,3.58802032470703,104.617195129395,50.0212326049805,-0.694472670555115,0.434931188821793,-2.50000047683716,0.866078853607178,70
738533.39858814666513353586,49.7106437683105,-0.60572624206543,5.09542036056519,0.122740142047405,-0.000376105308532715,42.4781494140625,-71.3556137084961,198.050994873047,153.451950073242,0.76550704240799,3.92599630355835,104.537536621094,49.9747772216797,-0.713611781597137,0.498711049556732,-2.50000047683716,0.869817852973938,70
738533.39859060011804103851,49.6509132385254,-0.653960108757019,5.21259260177612,0.122740142047405,-0.000376105308532715,42.4781379699707,-71.3554840087891,197.867584228516,152.73583984375,0.771321535110474,4.59776163101196,104.456771850586,49.9280700683594,-0.73702871799469,0.532915353775024,-2.5,0.873512804508209,70
738533.39859308081213384867,49.5858192443848,-0.702851891517639,5.3551197052002,0.122740142047405,-0.000376105308532715,42.4781303405762,-71.355354309082,197.667785644531,151.9873046875,0.780085027217865,5.25995492935181,104.373596191406,49.8791007995605,-0.766030311584473,0.687554359436035,-2.49999976158142,0.877216219902039,70
738533.39859554613940417767,49.5219841003418,-0.74909645318985,5.50653076171875,0.122740142047405,-0.000376105308532715,42.4781188964844,-71.355224609375,197.471069335938,151.276657104492,0.775659263134003,5.58358383178711,104.296012878418,49.8328170776367,-0.797245383262634,0.830189406871796,-2.49999976158142,0.880557537078857,70
738533.39859802322462201118,49.4536781311035,-0.799914836883545,5.67454862594604,0.122740142047405,-0.000376105308532715,42.4781112670898,-71.355094909668,197.253143310547,150.517364501953,0.751997888088226,5.57688999176025,104.214515686035,49.7846031188965,-0.833974659442902,0.91525810956955,-2.49999976158142,0.883955597877502,70
738533.39860031206626445055,49.3923301696777,-0.846849143505096,5.82817697525024,0.122740142047405,-0.000376105308532715,42.478099822998,-71.35498046875,197.045989990234,149.972091674805,0.722706496715546,5.55801677703857,104.141586303711,49.7422027587891,-0.870057463645935,0.938302397727966,-2.49999928474426,0.886887311935425,70
738533.39860253769438713789,49.3349800109863,-0.882770001888275,5.97679948806763,0.122740142047405,-0.000376105308532715,42.4780883789062,-71.354866027832,196.838897705078,150.38996887207,0.624262750148773,5.53832292556763,104.071701049805,49.7035369873047,-0.907077789306641,0.954667985439301,-2.49999928474426,0.88962334394455,70
738533.39860478695482015610,49.2769203186035,-0.931570410728455,6.13650369644165,0.122740142047405,-0.000376105308532715,42.4780807495117,-71.354736328125,196.606292724609,150.830718994141,0.507615387439728,5.51679944992065,103.99877166748,49.6662826538086,-0.947923541069031,0.954792499542236,-2.49999928474426,0.892372965812683,70
738533.39860705693718045950,49.2243843078613,-0.979638814926147,6.28986263275146,0.122740142047405,-0.000376105308532715,42.4780693054199,-71.354621887207,196.373413085938,151.243453979492,0.404739648103714,5.49590301513672,103.931732177734,49.6342811584473,-0.988440930843353,0.947421669960022,-2.49999928474426,0.894856870174408,70
738533.39860931539442390203,49.1748466491699,-1.02888119220734,6.44249296188354,0.122740142047405,-0.000376105308532715,42.4780578613281,-71.3544998168945,196.131851196289,151.644073486328,0.309260278940201,5.47497367858887,103.868705749512,49.6057434082031,-1.0302060842514,0.936706602573395,-2.49999952316284,0.897163212299347,70
738533.39861171529628336430,49.1277732849121,-1.08480751514435,6.59474182128906,0.122740142047405,-0.000376105308532715,42.4780464172363,-71.3543853759766,195.879684448242,151.756805419922,0.232490882277489,5.45358943939209,103.809951782227,49.5802955627441,-1.07351815700531,0.922961831092834,-2.50000023841858,0.89930385351181,70
738533.39861417014617472887,49.074951171875,-1.14163184165955,6.76470184326172,0.122740142047405,-0.000376105308532715,42.4780349731445,-71.3542556762695,195.583755493164,151.451538085938,0.341566532850266,5.41797256469727,103.749557495117,49.5521469116211,-1.12467837333679,0.921477973461151,-2.50000023841858,0.901497840881348,70
738533.39861643314361572266,49.0250473022461,-1.15294897556305,6.91679382324219,0.122740142047405,-0.000376105308532715,42.4780235290527,-71.354133605957,195.31770324707,151.177627563477,0.449662446975708,5.38197422027588,103.700210571289,49.5240020751953,-1.17038094997406,0.912866353988647,-2.5,0.9032222032547,70
738533.39861858938820660114,48.9742240905762,-1.15242636203766,7.0659761428833,0.122740142047405,-0.000376105308532715,42.4780120849609,-71.3540191650391,195.055908203125,150.908462524414,0.476438283920288,5.34400224685669,103.653587341309,49.4947547912598,-1.21189987659454,0.891366720199585,-2.5,0.904740512371063,70
738533.39862083620391786098,48.9230194091797,-1.15751349925995,7.21375560760498,0.122740142047405,-0.000376105308532715,42.4779968261719,-71.3539123535156,194.792449951172,150.637924194336,0.48411226272583,5.30757856369019,103.608024597168,49.4655456542969,-1.24786162376404,0.871198773384094,-2.5,0.90608674287796,70
738533.39862306427676230669,48.871654510498,-1.16180074214935,7.3603982925415,0.122740142047405,-0.000376105308532715,42.4779853820801,-71.3537979125977,194.52751159668,150.366256713867,0.475626915693283,5.25703716278076,103.56330871582,49.436466217041,-1.27798652648926,0.858558773994446,-2.5,0.907253921031952,70
738533.39862528850790113211,48.8213386535645,-1.16834580898285,7.50516986846924,0.122740142047405,-0.000376105308532715,42.4779739379883,-71.3536834716797,194.26203918457,150.094360351562,0.391886204481125,5.17863607406616,103.519470214844,49.4086608886719,-1.30258500576019,0.831521272659302,-2.50000023841858,0.908232688903809,70
738533.39862764731515198946,48.7722358703613,-1.20239579677582,7.65169763565063,0.122740142047405,-0.000376105308532715,42.4779586791992,-71.3535614013672,193.981155395508,149.807159423828,0.279465764760971,5.15653467178345,103.475227355957,49.3834533691406,-1.3240213394165,0.811202585697174,-2.50000023841858,0.909052491188049,70
738533.39863000425975769758,48.7231063842773,-1.24853408336639,7.80519008636475,0.122740142047405,-0.000376105308532715,42.4779472351074,-71.3534393310547,193.675369262695,149.495056152344,0.178752094507217,5.13342475891113,103.430816650391,49.3601150512695,-1.34609174728394,0.804877817630768,-2.49999976158142,0.909695744514465,70
738533.39863233349751681089,48.6797142028809,-1.29934227466583,7.94716787338257,0.122740142047405,-0.000376105308532715,42.4779319763184,-71.3533172607422,193.380615234375,149.194778442383,0.0951663479208946,5.11159133911133,103.392417907715,49.3412628173828,-1.36895751953125,0.803139567375183,-2.49999976158142,0.910084247589111,70
738533.39863468077965080738,48.6371002197266,-1.35649955272675,8.09295654296875,0.122740142047405,-0.000376105308532715,42.4779167175293,-71.3531951904297,193.065216064453,148.874008178711,0.0163892507553101,5.08881664276123,103.356010437012,49.3244705200195,-1.39692223072052,0.802349150180817,-2.5,0.910274744033813,70
738533.39863690210040658712,48.5981178283691,-1.41392946243286,8.23229885101318,0.122740142047405,-0.000376105308532715,42.4779052734375,-71.3530807495117,192.751190185547,148.555145263672,-0.0525830686092377,5.06572818756104,103.324523925781,49.310718536377,-1.42866003513336,0.801858305931091,-2.5,0.910257399082184,70
738533.39863928291015326977,48.5596809387207,-1.47731828689575,8.37518787384033,0.122740142047405,-0.000376105308532715,42.4778900146484,-71.3529586791992,192.413650512695,148.212921142578,-0.108339883387089,4.99298143386841,103.295593261719,49.298770904541,-1.46682643890381,0.812686026096344,-2.5,0.910035312175751,70
738533.39864158502314239740,48.5233192443848,-1.53418982028961,8.51196765899658,0.122740142047405,-0.000376105308532715,42.4778747558594,-71.3528442382812,192.066589355469,147.861587524414,-0.0882618650794029,4.6488995552063,103.270629882812,49.2881317138672,-1.50978231430054,0.830628633499146,-2.5,0.90960705280304,70
738533.39864392462186515331,48.4885787963867,-1.57080411911011,8.64084529876709,0.122740142047405,-0.000376105308532715,42.4778594970703,-71.3527221679688,191.708435058594,147.499435424805,-0.116215102374554,4.19122505187988,103.248741149902,49.2775230407715,-1.55653154850006,0.776508569717407,-2.5,0.908968269824982,70
738533.39864622126333415508,48.4585227966309,-1.61153197288513,8.7564172744751,0.122740142047405,-0.000376105308532715,42.4778442382812,-71.3526077270508,191.350036621094,147.13737487793,-0.206313341856003,3.97686243057251,103.230247497559,49.2696685791016,-1.60278558731079,0.652253389358521,-2.5,0.908137738704681,70
738533.39864853268954902887,48.4314041137695,-1.66095757484436,8.8670539855957,0.122740142047405,-0.000376105308532715,42.4778289794922,-71.3524856567383,190.975326538086,146.759216308594,-0.294129490852356,3.90243530273438,103.214653015137,49.2644348144531,-1.6496297121048,0.606903791427612,-2.5,0.907089591026306,70
738533.39865079405717551708,48.4082832336426,-1.71429359912872,8.96930885314941,0.122740142047405,-0.000376105308532715,42.4778137207031,-71.3523712158203,190.604644775391,146.385452270508,-0.369522273540497,3.70858931541443,103.203048706055,49.2620429992676,-1.69480645656586,0.599428117275238,-2.5,0.905899703502655,70
738533.39865315542556345463,48.3879165649414,-1.77358376979828,9.06725597381592,0.122740142047405,-0.000376105308532715,42.4777984619141,-71.3522491455078,190.204986572266,145.982788085938,-0.433236509561539,3.21316647529602,103.194541931152,49.2620658874512,-1.74323892593384,0.565993666648865,-2.5,0.90445739030838,70
738533.39865544298663735390,48.3723602294922,-1.82474720478058,9.14912033081055,0.122740142047405,-0.000376105308532715,42.477783203125,-71.3521347045898,189.807464599609,145.582565307617,-0.467761784791946,2.76240611076355,103.189888000488,49.2637901306152,-1.79150307178497,0.47790202498436,-2.5,0.902883410453796,70
738533.39865767525043338537,48.3603134155273,-1.86373996734619,9.21852874755859,0.122740142047405,-0.000376105308532715,42.4777641296387,-71.3520202636719,189.401901245117,145.174453735352,-0.474535256624222,2.42541003227234,103.188430786133,49.2663650512695,-1.84044551849365,0.402994841337204,-2.49999952316284,0.90114289522171,70
738533.39866002590861171484,48.3508834838867,-1.89496314525604,9.28085708618164,0.122740142047405,-0.000376105308532715,42.4777488708496,-71.3518981933594,188.979675292969,144.749801635742,-0.517370939254761,2.21734070777893,103.189819335938,49.2700004577637,-1.88982200622559,0.298087567090988,-2.49999976158142,0.899195730686188,70
738533.39866231230553239584,48.3445091247559,-1.93660867214203,9.33631992340088,0.122740142047405,-0.000376105308532715,42.4777336120605,-71.3517837524414,188.556243896484,144.32405090332,-0.60276073217392,2.19548201560974,103.193962097168,49.2758445739746,-1.93637871742249,0.249742195010185,-2.49999976158142,0.8971226811409,70
738533.39866455947048962116,48.3402824401855,-1.98069250583649,9.38897037506104,0.122740142047405,-0.000376105308532715,42.4777183532715,-71.3516693115234,188.133819580078,143.899505615234,-0.661085903644562,2.15910840034485,103.200798034668,49.2834548950195,-1.98030316829681,0.238349199295044,-2.49999952316284,0.894961655139923,70
738533.39866683399304747581,48.3374366760254,-2.03299975395203,9.4389533996582,0.122740142047405,-0.000376105308532715,42.4776992797852,-71.3515548706055,187.696395874023,143.460021972656,-0.632365107536316,1.986407995224,103.210487365723,49.2923393249512,-2.02428817749023,0.253124833106995,-2.49999904632568,0.892637729644775,70
738533.39866914367303252220,48.3341445922852,-2.04741764068604,9.48448467254639,0.122740142047405,-0.000376105308532715,42.4776840209961,-71.3514404296875,187.251663208008,142.896224975586,-0.507484376430511,1.74882924556732,103.222183227539,49.2984466552734,-2.06829810142517,0.246268808841705,-2.49999928474426,0.89018577337265,70
738533.39867137477267533541,48.329704284668,-2.04433631896973,9.5225772857666,0.122740142047405,-0.000376105308532715,42.477668762207,-71.3513259887695,186.810989379883,142.01904296875,-0.397325605154037,1.5144225358963,103.234390258789,49.3013076782227,-2.10877990722656,0.212806597352028,-2.49999952316284,0.887652456760406,70
738533.39867381856311112642,48.3240242004395,-2.03595447540283,9.55514717102051,0.122740142047405,-0.000376105308532715,42.4776496887207,-71.351203918457,186.33984375,141.079528808594,-0.307097047567368,1.27921676635742,103.24681854248,49.3016967773438,-2.14547753334045,0.159391075372696,-2.49999928474426,0.884807825088501,70
738533.39867632871028035879,48.3172302246094,-2.01495838165283,9.5803861618042,0.122740142047405,-0.000376105308532715,42.4776306152344,-71.35107421875,185.854476928711,140.108261108398,-0.21564906835556,1.07619333267212,103.257774353027,49.299072265625,-2.17438507080078,0.113875925540924,-2.49999976158142,0.881741225719452,70
738533.39867859182413667440,48.3103981018066,-1.9917699098587,9.59638023376465,0.122740142047405,-0.000376105308532715,42.4776153564453,-71.350959777832,185.420608520508,139.235717773438,-0.148549348115921,0.893024265766144,103.265258789062,49.2945442199707,-2.19170379638672,0.0741368532180786,-2.5,0.878901064395905,70
738533.39868092502001672983,48.3028182983398,-1.9639208316803,9.60627555847168,0.122740142047405,-0.000376105308532715,42.4776000976562,-71.3508377075195,184.97200012207,138.328048706055,-0.0865422859787941,0.701302111148834,103.270210266113,49.2879257202148,-2.20110368728638,0.0350850820541382,-2.5,0.875823318958282,70
738533.39868329220917075872,48.295108795166,-1.93445289134979,9.60922813415527,0.122740142047405,-0.000376105308532715,42.4775810241699,-71.350715637207,184.537155151367,137.442367553711,-0.03160360455513,0.516719400882721,103.271949768066,49.2797813415527,-2.20230436325073,-0.00207803538069129,-2.50000023841858,0.872725129127502,70
738533.39868576859589666128,48.2868156433105,-1.90187120437622,9.60520935058594,0.122740142047405,-0.000376105308532715,42.4775619506836,-71.3505935668945,184.084030151367,136.512634277344,0.0215845033526421,0.32519719004631,103.270332336426,49.2695999145508,-2.19596242904663,-0.0385366007685661,-2.5,0.869373559951782,70
738533.39868806814774870872,48.2789459228516,-1.87048053741455,9.59475517272949,0.122740142047405,-0.000376105308532715,42.4775466918945,-71.3504791259766,183.662353515625,135.640640258789,0.0676494464278221,0.144308134913445,103.265533447266,49.2586517333984,-2.1839714050293,-0.071862518787384,-2.5,0.866168439388275,70
738533.39869036281015723944,48.2713775634766,-1.83990454673767,9.57846641540527,0.122740142047405,-0.000376105308532715,42.4775314331055,-71.3503646850586,183.259078979492,134.800323486328,0.109173007309437,-0.031379971653223,103.257919311523,49.2469100952148,-2.16776537895203,-0.1037817299366,-2.5,0.863015592098236,70
738533.39869271079078316689,48.2636947631836,-1.80842804908752,9.5552339553833,0.122740142047405,-0.000376105308532715,42.4775123596191,-71.3502426147461,182.847213745117,133.935409545898,0.149406090378761,-0.213667139410973,103.246955871582,49.233699798584,-2.14714574813843,-0.136519864201546,-2.5,0.859691917896271,70
738533.39869504119269549847,48.2561073303223,-1.776780128479,9.52486705780029,0.122740142047405,-0.000376105308532715,42.4774971008301,-71.3501205444336,182.433181762695,133.058898925781,0.187879502773285,-0.399914622306824,103.232666015625,49.2192230224609,-2.12304782867432,-0.169803783297539,-2.5,0.856267094612122,70
738533.39869739499408751726,48.2489929199219,-1.74606537818909,9.48929691314697,0.122740142047405,-0.000376105308532715,42.4774780273438,-71.3499984741211,182.031860351562,132.202438354492,0.217710167169571,-0.518752992153168,103.215766906738,49.2042770385742,-2.09716963768005,-0.216908633708954,-2.5,0.852882504463196,70
738533.39869973226450383663,48.2427291870117,-1.720782995224,9.45039939880371,0.122740142047405,-0.000376105308532715,42.4774627685547,-71.3498840332031,181.639984130859,131.359817504883,0.227827966213226,-0.560395061969757,103.196487426758,49.189754486084,-2.07014274597168,-0.237372025847435,-2.5,0.849519371986389,70
738533.39870221342425793409,48.2389869689941,-1.69820666313171,9.40755271911621,0.122740142047405,-0.000376105308532715,42.4774436950684,-71.3497543334961,181.227386474609,130.466995239258,0.242288112640381,-0.613436877727509,103.17374420166,49.1770820617676,-2.04082417488098,-0.250144511461258,-2.5,0.845913529396057,70
738533.39870455523487180471,48.242015838623,-1.67184793949127,9.36688613891602,0.122740142047405,-0.000376105308532715,42.4774284362793,-71.3496398925781,180.843215942383,129.630264282227,0.210977241396904,-0.646673977375031,103.151428222656,49.1713905334473,-2.01374673843384,-0.271257013082504,-2.49999976158142,0.84253317117691,70
738533.39870694791898131371,48.2560501098633,-1.67916548252106,9.32815742492676,0.122740142047405,-0.000376105308532715,42.477409362793,-71.3495178222656,180.453063964844,128.777847290039,0.0789886489510536,-0.559130966663361,103.130218505859,49.1780471801758,-1.98703455924988,-0.304730087518692,-2.49999976158142,0.839087724685669,70
738533.39870931836776435375,48.2787704467773,-1.70755648612976,9.29620838165283,0.122740142047405,-0.000376105308532715,42.4773941040039,-71.3493957519531,180.056625366211,127.968963623047,-0.0250207893550396,-0.23830072581768,103.114410400391,49.1952705383301,-1.9646143913269,-0.320820719003677,-2.50000071525574,0.835645318031311,70
738533.39871169114485383034,48.3041000366211,-1.7354348897934,9.27723503112793,0.122740142047405,-0.000376105308532715,42.4773750305176,-71.3492736816406,179.666137695312,127.742530822754,-0.127408981323242,0.280786335468292,103.107192993164,49.2175254821777,-1.95028424263,-0.270677894353867,-2.50000095367432,0.832330107688904,70
738533.39871406322345137596,48.3303756713867,-1.76881539821625,9.27462959289551,0.122740142047405,-0.000376105308532715,42.4773597717285,-71.3491516113281,179.261520385742,127.50528717041,-0.206939116120338,0.822487115859985,103.109619140625,49.244010925293,-1.94411623477936,-0.177611947059631,-2.5,0.828976094722748,70
738533.39871629292611032724,48.3549690246582,-1.79985129833221,9.28689193725586,0.122740142047405,-0.000376105308532715,42.4773445129395,-71.3490371704102,178.863784790039,127.26961517334,-0.246173292398453,1.19418501853943,103.12166595459,49.2715835571289,-1.94598615169525,-0.0383262038230896,-2.5,0.825755774974823,70
738533.39871864649467170238,48.3780250549316,-1.81531929969788,9.3113842010498,0.122740142047405,-0.000376105308532715,42.4773292541504,-71.3489227294922,178.466766357422,127.032470703125,-0.268134921789169,1.47569966316223,103.142272949219,49.2993965148926,-1.95407009124756,0.0285686515271664,-2.5,0.822599947452545,70
738533.39872090960852801800,48.4007873535156,-1.83110809326172,9.34452247619629,0.122740142047405,-0.000376105308532715,42.4773101806641,-71.3488006591797,178.058166503906,126.78702545166,-0.287676572799683,1.68888139724731,103.171371459961,49.3285865783691,-1.9662754535675,0.120795182883739,-2.49999976158142,0.819392502307892,70
738533.39872323453892022371,48.4227714538574,-1.83783841133118,9.38473701477051,0.122740142047405,-0.000376105308532715,42.477294921875,-71.3486862182617,177.64501953125,126.537773132324,-0.297132581472397,1.793372631073,103.207763671875,49.3580360412598,-1.98057043552399,0.171471938490868,-2.49999976158142,0.816164076328278,70
738533.39872557471971958876,48.4439697265625,-1.84149575233459,9.42804050445557,0.122740142047405,-0.000376105308532715,42.4772796630859,-71.3485641479492,177.237609863281,126.291427612305,-0.298863112926483,1.87867569923401,103.249305725098,49.3872184753418,-1.99470472335815,0.204141840338707,-2.49999976158142,0.812991559505463,70
738533.39872789266519248486,48.4653854370117,-1.83924639225006,9.4757022857666,0.122740142047405,-0.000376105308532715,42.4772605895996,-71.3484420776367,176.812316894531,126.03394317627,-0.283503651618958,1.89329290390015,103.29768371582,49.4172554016113,-2.00819301605225,0.234957754611969,-2.49999976158142,0.809651076793671,70
738533.39873034867923706770,48.4865074157715,-1.8270115852356,9.52532482147217,0.122740142047405,-0.000376105308532715,42.4772453308105,-71.3483200073242,176.37890625,125.771949768066,-0.257409483194351,1.86659097671509,103.351112365723,49.4470558166504,-2.01932692527771,0.239429175853729,-2.5,0.806204915046692,70
738533.39873270399402827024,48.5059509277344,-1.81027483940125,9.57190418243408,0.122740142047405,-0.000376105308532715,42.4772262573242,-71.3481979370117,175.96989440918,125.525665283203,-0.233522236347198,1.83907723426819,103.404319763184,49.474494934082,-2.02620124816895,0.233687862753868,-2.5,0.80291223526001,70
738533.39873499854002147913,48.5245742797852,-1.78895056247711,9.61750602722168,0.122740142047405,-0.000376105308532715,42.4772109985352,-71.3480834960938,175.565567016602,125.283416748047,-0.200858816504478,1.80743956565857,103.459014892578,49.5008201599121,-2.02879118919373,0.225421980023384,-2.50000023841858,0.799585938453674,70
738533.39873726153746247292,48.5420608520508,-1.76283895969391,9.6614933013916,0.122740142047405,-0.000376105308532715,42.4771919250488,-71.3479614257812,175.171340942383,125.048980712891,-0.168426930904388,1.77537977695465,103.513641357422,49.5255889892578,-2.02679562568665,0.214724645018578,-2.50000023841858,0.796259701251984,70
738533.39873951324261724949,48.5580024719238,-1.73460793495178,9.70270252227783,0.122740142047405,-0.000376105308532715,42.4771766662598,-71.3478546142578,174.797302246094,124.828422546387,-0.136353224515915,1.74471819400787,103.566207885742,49.548267364502,-2.02044796943665,0.204192712903023,-2.50000023841858,0.793014407157898,70
738533.39874175633303821087,48.5734710693359,-1.70264482498169,9.74397945404053,0.122740142047405,-0.000376105308532715,42.4771614074707,-71.3477325439453,174.417755126953,124.606803894043,-0.101928241550922,1.71322381496429,103.620025634766,49.5704154968262,-2.00940203666687,0.194025069475174,-2.5,0.789613664150238,70
738533.39874419663101434708,48.5887413024902,-1.6647869348526,9.78615283966064,0.122740142047405,-0.000376105308532715,42.4771423339844,-71.3476104736328,174.024017333984,124.466354370117,-0.0674608275294304,1.6728527545929,103.675987243652,49.592399597168,-1.9929518699646,0.186695724725723,-2.5,0.785944759845734,70
738533.39874657220207154751,48.6032791137695,-1.62291324138641,9.82655048370361,0.122740142047405,-0.000376105308532715,42.477123260498,-71.3474884033203,173.6357421875,124.373588562012,-0.0350681655108929,1.5922349691391,103.730827331543,49.6132392883301,-1.97166121006012,0.180229261517525,-2.49999976158142,0.782193005084991,70
738533.39874887652695178986,48.6164474487305,-1.58040833473206,9.86183643341064,0.122740142047405,-0.000376105308532715,42.477108001709,-71.3473739624023,173.276458740234,124.294044494629,-0.00203854450955987,1.48453056812286,103.781021118164,49.6317710876465,-1.94736301898956,0.164958313107491,-2.50000023841858,0.778586745262146,70
738533.39875127968844026327,48.6295356750488,-1.53439617156982,9.89435005187988,0.122740142047405,-0.000376105308532715,42.4770889282227,-71.3472518920898,172.915161132812,124.22110748291,0.0349633656442165,1.36999344825745,103.830963134766,49.6496162414551,-1.9182585477829,0.144672483205795,-2.50000023841858,0.774797379970551,70
738533.39875366026535630226,48.6421661376953,-1.48599302768707,9.92294597625732,0.122740142047405,-0.000376105308532715,42.4770698547363,-71.3471298217773,172.560470581055,124.157272338867,0.0753177404403687,1.25248026847839,103.879165649414,49.6662216186523,-1.88509130477905,0.122269101440907,-2.49999976158142,0.770916700363159,70
738533.39875605190172791481,48.6542053222656,-1.43669652938843,9.94687461853027,0.122740142047405,-0.000376105308532715,42.4770545959473,-71.3470077514648,172.221298217773,124.10440826416,0.11768663674593,1.13320529460907,103.924278259277,49.6813468933105,-1.84908616542816,0.0991950556635857,-2.50000023841858,0.767036139965057,70
738533.39875830220989882946,48.6691131591797,-1.38602423667908,9.96727561950684,0.122740142047405,-0.000376105308532715,42.4770355224609,-71.3468856811523,171.892776489258,124.053764343262,0.162454754114151,1.00923407077789,103.966941833496,49.6985969543457,-1.81013739109039,0.0697064623236656,-2.5,0.76310122013092,70
738533.39876068872399628162,48.7024230957031,-1.33427619934082,9.98770236968994,0.122740142047405,-0.000376105308532715,42.4770164489746,-71.3467636108398,171.572418212891,123.836387634277,0.22232922911644,0.881833612918854,104.008628845215,49.7338981628418,-1.76825535297394,0.0228326600044966,-2.5,0.759072542190552,70
738533.39876300736796110868,48.7585105895996,-1.27514326572418,10.0086545944214,0.122740142047405,-0.000376105308532715,42.4770011901855,-71.3466491699219,171.267379760742,123.633026123047,0.289990246295929,0.753329217433929,104.05281829834,49.7914810180664,-1.72456657886505,-0.0371537543833256,-2.5,0.755053102970123,70
738533.39876531169284135103,48.8199081420898,-1.20775997638702,10.0252332687378,0.122740142047405,-0.000376105308532715,42.4769821166992,-71.3465270996094,170.982147216797,123.447105407715,0.359772711992264,0.596877336502075,104.104499816895,49.8532600402832,-1.67920005321503,-0.0852938443422318,-2.5,0.751081824302673,70
738533.39876762742642313242,48.8797035217285,-1.13142228126526,10.0349054336548,0.122740142047405,-0.000376105308532715,42.4769630432129,-71.3464126586914,170.703582763672,123.270721435547,0.433717548847198,0.411630004644394,104.169219970703,49.9119682312012,-1.62872743606567,-0.12745301425457,-2.5,0.746947586536407,70
738533.39876998146064579487,48.9354209899902,-1.05029153823853,10.0365915298462,0.122740142047405,-0.000376105308532715,42.4769477844238,-71.3462905883789,170.445648193359,123.113258361816,0.513661324977875,0.225440442562103,104.243110656738,49.9651031494141,-1.5746682882309,-0.161900222301483,-2.5,0.742853045463562,70
738533.39877228089608252048,48.989860534668,-0.962648332118988,10.0305147171021,0.122740142047405,-0.000376105308532715,42.4769287109375,-71.3461685180664,170.201843261719,122.971199035645,0.600245714187622,0.0262234937399626,104.325653076172,50.0154418945312,-1.51490116119385,-0.193768113851547,-2.50000047683716,0.738677501678467,70
738533.39877453516237437725,49.0417366027832,-0.870744109153748,10.0165109634399,0.122740142047405,-0.000376105308532715,42.4769134521484,-71.3460540771484,169.977951049805,122.848365783691,0.691634654998779,-0.171881839632988,104.412368774414,50.0617713928223,-1.4503071308136,-0.224393337965012,-2.50000023841858,0.734508872032166,70
738533.39877683087252080441,49.0908508300781,-0.774916410446167,9.99456787109375,0.122740142047405,-0.000376105308532715,42.4768943786621,-71.3459320068359,169.773742675781,122.744934082031,0.787187218666077,-0.369160354137421,104.500938415527,50.1039276123047,-1.38065159320831,-0.25353541970253,-2.49999976158142,0.730329930782318,70
738533.39877917047124356031,49.1376190185547,-0.674593806266785,9.96438312530518,0.122740142047405,-0.000376105308532715,42.4768753051758,-71.345817565918,169.587692260742,122.66056060791,0.887312948703766,-0.568397760391235,104.590042114258,50.1422920227051,-1.30517292022705,-0.281992405653,-2.49999952316284,0.726100742816925,70
738533.39878165745176374912,49.1847114562988,-0.563423156738281,9.9230489730835,0.122740142047405,-0.000376105308532715,42.4768600463867,-71.3456878662109,169.410919189453,122.593086242676,0.998290598392487,-0.782523274421692,104.683441162109,50.1788787841797,-1.21834492683411,-0.312242269515991,-2.49999952316284,0.721542656421661,70
738533.39878413651604205370,49.2286376953125,-0.449000984430313,9.87231826782227,0.122740142047405,-0.000376105308532715,42.4768409729004,-71.3455581665039,169.258056640625,122.54997253418,1.11250483989716,-0.998157680034637,104.772560119629,50.2107849121094,-1.1259241104126,-0.342651963233948,-2.49999952316284,0.71698522567749,70
738533.39878654410131275654,49.2687797546387,-0.329901963472366,9.81307792663574,0.122740142047405,-0.000376105308532715,42.4768218994141,-71.3454360961914,169.132217407227,122.732757568359,1.2145676612854,-1.23249483108521,104.854347229004,50.2376136779785,-1.03032958507538,-0.37046205997467,-2.49999976158142,0.712538599967957,70
738533.39878895459696650505,49.3069000244141,-0.211999088525772,9.74542331695557,0.122740142047405,-0.000376105308532715,42.4768028259277,-71.3453063964844,169.032669067383,123.133834838867,1.27465736865997,-1.47805762290955,104.928634643555,50.2612037658691,-0.931228458881378,-0.421858042478561,-2.49999928474426,0.708172142505646,70
738533.39879136660601943731,49.3455238342285,-0.100720316171646,9.66985607147217,0.122740142047405,-0.000376105308532715,42.4767875671387,-71.3451843261719,168.956436157227,123.565956115723,1.24565386772156,-1.53222000598907,104.997375488281,50.2841644287109,-0.826099097728729,-0.479064434766769,-2.50000023841858,0.703767657279968,70
738533.39879366790410131216,49.3823051452637,-0.0164175406098366,9.59574508666992,0.122740142047405,-0.000376105308532715,42.4767684936523,-71.3450622558594,168.902801513672,123.994155883789,1.23276782035828,-1.56603181362152,105.056854248047,50.3059692382812,-0.724511027336121,-0.491139501333237,-2.5,0.699655771255493,70
738533.39879594487138092518,49.4181785583496,0.0599671900272369,9.52056884765625,0.122740142047405,-0.000376105308532715,42.4767532348633,-71.3449478149414,168.865325927734,124.434860229492,1.24371874332428,-1.59874367713928,105.111274719238,50.3269424438477,-0.624695777893066,-0.489492416381836,-2.49999976158142,0.695622146129608,70
738533.39879816677421331406,49.4518661499023,0.129301443696022,9.44654750823975,0.122740142047405,-0.000376105308532715,42.4767379760742,-71.3448257446289,168.842864990234,124.875114440918,1.26736986637115,-1.61654472351074,105.159996032715,50.3462104797363,-0.53109610080719,-0.485116332769394,-2.49999976158142,0.691771328449249,70
738533.39880050835199654102,49.4857559204102,0.198262125253677,9.36819076538086,0.122740142047405,-0.000376105308532715,42.4767189025879,-71.3447113037109,168.833160400391,125.351036071777,1.30219089984894,-1.60352849960327,105.207389831543,50.3650894165039,-0.436863750219345,-0.481364697217941,-2.5,0.687778770923615,70
738533.39880294387694448233,49.5186386108398,0.264361143112183,9.28933334350586,0.122740142047405,-0.000376105308532715,42.4767036437988,-71.3445816040039,168.837097167969,125.854942321777,1.345370054245,-1.44413864612579,105.252334594727,50.3831024169922,-0.34479033946991,-0.48708787560463,-2.49999976158142,0.683748602867126,70
738533.39880535867996513844,49.5494956970215,0.329588383436203,9.21554183959961,0.122740142047405,-0.000376105308532715,42.4766845703125,-71.3444519042969,168.855438232422,126.393157958984,1.38100898265839,-1.0325038433075,105.295127868652,50.4002723693848,-0.254513561725616,-0.490074843168259,-2.49999976158142,0.679657220840454,70
738533.39880764484405517578,49.5737075805664,0.368928819894791,9.1683349609375,0.122740142047405,-0.000376105308532715,42.4766693115234,-71.3443374633789,168.882080078125,126.892486572266,1.37616503238678,0.00596858514472842,105.330703735352,50.4157409667969,-0.177845448255539,-0.44209161400795,-2.5,0.676048338413239,70
738533.39881004148628562689,49.5908088684082,0.410259574651718,9.15183925628662,0.122740142047405,-0.000376105308532715,42.4766540527344,-71.3442153930664,168.917816162109,127.418548583984,1.40885651111603,1.14391028881073,105.364929199219,50.4298782348633,-0.104549132287502,-0.268252551555634,-2.49999976158142,0.672379434108734,70
738533.39881234511267393827,49.5990867614746,0.454119235277176,9.16467189788818,0.122740142047405,-0.000376105308532715,42.4766387939453,-71.3440933227539,168.96125793457,127.947700500488,1.49686479568481,1.74173581600189,105.396240234375,50.4407272338867,-0.0385002382099628,0.0319982916116714,-2.5,0.668837249279022,70
738533.39881478995084762573,49.6006164550781,0.512913227081299,9.19639015197754,0.122740142047405,-0.000376105308532715,42.476619720459,-71.3439636230469,169.01806640625,128.395584106445,1.58587408065796,1.87346231937408,105.42601776123,50.4485664367676,0.0250778086483479,0.175697535276413,-2.5,0.665207266807556,70
738533.39881720533594489098,49.598014831543,0.575761735439301,9.23234844207764,0.122740142047405,-0.000376105308532715,42.4766044616699,-71.3438339233398,169.087738037109,128.622116088867,1.6870334148407,1.84301435947418,105.45288848877,50.453254699707,0.0859187394380569,0.247392848134041,-2.5,0.661626517772675,70
738533.39881972747389227152,49.5918922424316,0.642929375171661,9.26906490325928,0.122740142047405,-0.000376105308532715,42.4765853881836,-71.3437042236328,169.172607421875,128.866500854492,1.78213560581207,1.8078910112381,105.476783752441,50.454776763916,0.146728947758675,0.26305764913559,-2.50000023841858,0.658028721809387,70
738533.39882220909930765629,49.5825386047363,0.714751601219177,9.30542373657227,0.122740142047405,-0.000376105308532715,42.4765663146973,-71.3435745239258,169.273681640625,129.129501342773,1.86337733268738,1.77282881736755,105.497200012207,50.4532470703125,0.208800196647644,0.255940556526184,-2.50000023841858,0.654400706291199,70
738533.39882463135290890932,49.5720291137695,0.772816836833954,9.3391695022583,0.122740142047405,-0.000376105308532715,42.4765510559082,-71.3434524536133,169.385284423828,129.397537231445,1.91458070278168,1.73955202102661,105.512954711914,50.4500045776367,0.26983642578125,0.236917108297348,-2.50000023841858,0.650908529758453,70
738533.39882716839201748371,49.558666229248,0.838391482830048,9.37228679656982,0.122740142047405,-0.000376105308532715,42.4765319824219,-71.3433227539062,169.511932373047,129.683883666992,2.00764536857605,1.70586478710175,105.524932861328,50.4440689086914,0.332599520683289,0.223219782114029,-2.50000047683716,0.647328972816467,70
738533.39882984408177435398,49.5416946411133,0.910400629043579,9.40573692321777,0.122740142047405,-0.000376105308532715,42.4765129089355,-71.3431854248047,169.661529541016,130.002548217773,2.0881142616272,1.67038750648499,105.532730102539,50.4348678588867,0.399557739496231,0.204752027988434,-2.50000023841858,0.643518149852753,70
738533.39883227320387959480,49.5228881835938,0.976995170116425,9.43724918365479,0.122740142047405,-0.000376105308532715,42.4764976501465,-71.3430480957031,169.826141357422,130.335632324219,2.15318608283997,1.63520634174347,105.535354614258,50.4235343933105,0.466946572065353,0.185985624790192,-2.50000071525574,0.639693260192871,70
738533.39883474796079099178,49.5031776428223,1.03900027275085,9.46529960632324,0.122740142047405,-0.000376105308532715,42.4764785766602,-71.3429183959961,169.994750976562,130.663162231445,2.23394155502319,1.60213971138,105.533157348633,50.4106750488281,0.530559062957764,0.173413634300232,-2.50000047683716,0.636054337024689,70
738533.39883724041283130646,49.4809532165527,1.10472881793976,9.49207401275635,0.122740142047405,-0.000376105308532715,42.4764595031738,-71.3427886962891,170.178970336914,131.008071899414,2.31052350997925,1.56870436668396,105.526237487793,50.3952827453613,0.594865143299103,0.161031410098076,-2.5,0.632323443889618,70
738533.39883970411028712988,49.4563522338867,1.17166173458099,9.51799392700195,0.122740142047405,-0.000376105308532715,42.4764404296875,-71.342658996582,170.383514404297,131.378173828125,2.35802125930786,1.53405976295471,105.514228820801,50.3775329589844,0.661383330821991,0.146456733345985,-2.50000047683716,0.628415644168854,70
738533.39884200925007462502,49.4337310791016,1.22592568397522,9.54022789001465,0.122740142047405,-0.000376105308532715,42.4764251708984,-71.3425369262695,170.582260131836,131.727966308594,2.35180902481079,1.50092601776123,105.499336242676,50.3608245849609,0.721907079219818,0.130961462855339,-2.50000047683716,0.624830424785614,70
738533.39884436631109565496,49.4126892089844,1.2616822719574,9.56089019775391,0.122740142047405,-0.000376105308532715,42.4764099121094,-71.342414855957,170.789154052734,132.08528137207,2.29072046279907,1.45662558078766,105.481346130371,50.344970703125,0.781302213668823,0.112815268337727,-2.50000047683716,0.621212184429169,70
738533.39884664549026638269,49.3944854736328,1.2758994102478,9.58018970489502,0.122740142047405,-0.000376105308532715,42.476390838623,-71.3422927856445,171.004028320312,132.45295715332,2.21808385848999,1.40500617027283,105.46085357666,50.3311347961426,0.838353276252747,0.0994372069835663,-2.5,0.617488324642181,70
738533.39884900709148496389,49.3791618347168,1.27651464939117,9.59757518768311,0.122740142047405,-0.000376105308532715,42.476375579834,-71.342170715332,171.217132568359,132.816757202148,2.16200685501099,1.35241997241974,105.439498901367,50.3194236755371,0.888304769992828,0.0925370678305626,-2.50000023841858,0.613772749900818,70
738533.39885145903099328279,49.3652191162109,1.27076435089111,9.61437797546387,0.122740142047405,-0.000376105308532715,42.4763565063477,-71.3420486450195,171.443283081055,133.203308105469,2.08935618400574,1.28658699989319,105.416389465332,50.3088035583496,0.932420551776886,0.0844096690416336,-2.50000047683716,0.609749555587769,70
738533.39885392773430794477,49.3551902770996,1.2454377412796,9.62927055358887,0.122740142047405,-0.000376105308532715,42.4763374328613,-71.3419189453125,171.667236328125,133.588516235352,1.98762893676758,1.21333241462708,105.393821716309,50.3011817932129,0.966222643852234,0.0682380720973015,-2.50000047683716,0.605655074119568,70
738533.39885630866046994925,49.3490943908691,1.21059346199036,9.64133548736572,0.122740142047405,-0.000376105308532715,42.4763221740723,-71.341796875,171.873092651367,133.947235107422,1.908358335495,1.14371562004089,105.373954772949,50.2966575622559,0.987335801124573,0.0579975545406342,-2.50000047683716,0.601740956306458,70
738533.39885863102972507477,49.345832824707,1.16938054561615,9.65133380889893,0.122740142047405,-0.000376105308532715,42.4763031005859,-71.3416748046875,172.068664550781,134.29377746582,1.8373589515686,1.07427036762238,105.356430053711,50.2944030761719,0.997275948524475,0.0489924922585487,-2.50000047683716,0.597830414772034,70
738533.39886100578587502241,49.3454704284668,1.1335541009903,9.65993881225586,0.122740142047405,-0.000376105308532715,42.4762878417969,-71.341552734375,172.261123657227,134.67854309082,1.65709638595581,0.999028980731964,105.341148376465,50.2948760986328,0.996741592884064,0.0288506038486958,-2.50000023841858,0.5937739610672,70
738533.39886343269608914852,49.3561630249023,1.01941823959351,9.66723251342773,0.122740142047405,-0.000376105308532715,42.4762687683105,-71.341423034668,172.441970825195,135.107711791992,1.3369345664978,0.949543833732605,105.329429626465,50.304328918457,0.985549330711365,-0.00679289316758513,-2.50000047683716,0.589580237865448,70
738533.39886578021105378866,49.3750305175781,0.87623918056488,9.67360782623291,0.122740142047405,-0.000376105308532715,42.4762496948242,-71.3413009643555,172.590240478516,135.496810913086,1.08760905265808,0.915555775165558,105.323684692383,50.3213653564453,0.958882629871368,-0.0114007173106074,-2.5,0.585487246513367,70
738533.39886818255763500929,49.4003868103027,0.707317471504211,9.67966938018799,0.122740142047405,-0.000376105308532715,42.4762344360352,-71.341178894043,172.706512451172,135.853576660156,0.91836154460907,0.882026731967926,105.32511138916,50.3447570800781,0.911846697330475,-0.0064347074367106,-2.5,0.581360518932343,70
738533.39887041656766086817,49.4253158569336,0.57520991563797,9.68495845794678,0.122740142047405,-0.000376105308532715,42.4762153625488,-71.3410568237305,172.788833618164,136.173278808594,1.00729835033417,0.843579053878784,105.334327697754,50.3685531616211,0.843400955200195,0.0238694306463003,-2.50000023841858,0.57726377248764,70
738533.39887273428030312061,49.4466094970703,0.501939833164215,9.68909168243408,0.122740142047405,-0.000376105308532715,42.4762001037598,-71.3409423828125,172.852600097656,136.473754882812,1.09918034076691,0.771563231945038,105.350517272949,50.389461517334,0.759088337421417,0.0394827090203762,-2.5,0.573146402835846,70
738533.39887511334381997585,49.4648323059082,0.479105085134506,9.69034767150879,0.122740142047405,-0.000376105308532715,42.4761810302734,-71.3408203125,172.907485961914,136.768951416016,1.1970020532608,0.621312737464905,105.37230682373,50.4073600769043,0.667935609817505,0.0310984123498201,-2.5,0.568940222263336,70
738533.39887748518958687782,49.483757019043,0.466026663780212,9.68744468688965,0.122740142047405,-0.000376105308532715,42.4761657714844,-71.340690612793,172.961456298828,137.066680908203,1.1138516664505,0.491492331027985,105.397994995117,50.4252510070801,0.58092474937439,-0.0139811048284173,-2.49999952316284,0.564642608165741,70
738533.39887982117943465710,49.5066032409668,0.428394794464111,9.68023586273193,0.122740142047405,-0.000376105308532715,42.476146697998,-71.3405685424805,173.008911132812,137.355895996094,1.01493406295776,0.340559512376785,105.426208496094,50.4459571838379,0.505056023597717,-0.0522923842072487,-2.49999952316284,0.560364544391632,70
738533.39888213714584708214,49.5320510864258,0.382097542285919,9.66889572143555,0.122740142047405,-0.000376105308532715,42.476131439209,-71.3404541015625,173.046264648438,137.626373291016,0.928972363471985,0.191942885518074,105.45588684082,50.4683837890625,0.440419852733612,-0.0817820355296135,-2.49999976158142,0.556227922439575,70
738533.39888464962132275105,49.5633544921875,0.325648665428162,9.65152454376221,0.122740142047405,-0.000376105308532715,42.4761123657227,-71.3403244018555,173.07600402832,137.911819458008,0.844211220741272,0.0289256796240807,105.491554260254,50.4953842163086,0.375805228948593,-0.11020689457655,-2.49999952316284,0.551642656326294,70
738533.39888714335393160582,49.5987167358398,0.266089677810669,9.62825965881348,0.122740142047405,-0.000376105308532715,42.4760932922363,-71.3401870727539,173.093460083008,138.191864013672,0.773938477039337,-0.138563513755798,105.531547546387,50.5253105163574,0.313464969396591,-0.137028187513351,-2.49999928474426,0.546935737133026,70
738533.39888962637633085251,49.6356925964355,0.215420052409172,9.60153102874756,0.122740142047405,-0.000376105308532715,42.4760780334473,-71.3400650024414,173.098968505859,138.336669921875,0.625185906887054,-0.265990138053894,105.572822570801,50.556282043457,0.256344169378281,-0.179134473204613,-2.5,0.542470335960388,70
738533.39889244013465940952,49.683177947998,0.111188441514969,9.57026481628418,0.107739768922329,-0.000376105308532715,42.4760589599609,-71.3399276733398,173.08757019043,138.398178100586,0.326318472623825,-0.357660681009293,105.621215820312,50.5966453552246,0.195977792143822,-0.21808834373951,-2.5,0.537683725357056,70
738533.39889486215543001890,49.7435493469238,-0.0657141357660294,9.53675746917725,0.100239582359791,-0.000376105308532715,42.4760398864746,-71.3397827148438,173.043670654297,138.429336547852,-0.0212642457336187,-0.45793828368187,105.677436828613,50.649528503418,0.12736751139164,-0.240411832928658,-2.5,0.532770931720734,70
738533.39889726275578141212,49.8037643432617,-0.23267163336277,9.50513076782227,0.100239582359791,-0.000376105308532715,42.4760208129883,-71.3396606445312,172.967163085938,138.419281005859,-0.14292199909687,-0.55650269985199,105.734298706055,50.7032203674316,0.05236541852355,-0.2337906062603,-2.5,0.528473258018494,70
738533.39889961702283471823,49.8678245544434,-0.382361054420471,9.47061443328857,0.100239582359791,-0.000376105308532715,42.4760055541992,-71.3395385742188,172.857391357422,138.376770019531,-0.20506663620472,-0.647596776485443,105.800140380859,50.7606010437012,-0.0406478308141232,-0.236043453216553,-2.49999976158142,0.524119853973389,70
738533.39890198095235973597,49.932689666748,-0.49282318353653,9.43367385864258,0.100239582359791,-0.000376105308532715,42.4759864807129,-71.3394088745117,172.722305297852,138.264877319336,-0.242124080657959,-0.719800770282745,105.873374938965,50.8184089660645,-0.145994052290916,-0.241295650601387,-2.50000023841858,0.519835829734802,70
738533.39890427910722792149,49.9990539550781,-0.589999437332153,9.39533996582031,0.100239582359791,-0.000376105308532715,42.4759712219238,-71.3392868041992,172.568969726562,138.110977172852,-0.372109174728394,-0.789669334888458,105.952812194824,50.8775596618652,-0.256117939949036,-0.262580901384354,-2.50000023841858,0.515639364719391,70
738533.39890657213982194662,50.0694999694824,-0.70535409450531,9.35617065429688,0.100239582359791,-0.000376105308532715,42.4759521484375,-71.3391647338867,172.395950317383,137.937850952148,-0.577060759067535,-0.856931626796722,106.038269042969,50.941047668457,-0.366842448711395,-0.287209987640381,-2.50000023841858,0.511516153812408,70
738533.39890888228546828032,50.1455383300781,-0.842244684696198,9.31596946716309,0.100239582359791,-0.000376105308532715,42.4759368896484,-71.3390426635742,172.197189331055,137.739273071289,-0.789219558238983,-0.924201190471649,106.13069152832,51.0105056762695,-0.479101836681366,-0.30308410525322,-2.49999976158142,0.507438957691193,70
738533.39891122956760227680,50.2281951904297,-0.995876312255859,9.27415180206299,0.100239582359791,-0.000376105308532715,42.4759216308594,-71.3389205932617,171.965362548828,137.507614135742,-0.978304922580719,-0.980411291122437,106.232215881348,51.0869178771973,-0.596834599971771,-0.312221080064774,-2.49999976158142,0.503341555595398,70
738533.39891354413703083992,50.313591003418,-1.14420759677887,9.232421875,0.100239582359791,-0.000376105308532715,42.4759063720703,-71.3387985229492,171.707885742188,137.250427246094,-1.13538455963135,-1.01072955131531,106.339569091797,51.1664390563965,-0.717570781707764,-0.316327482461929,-2.5,0.49937504529953,70
738533.39891590515617281199,50.4035377502441,-1.29134654998779,9.18998527526855,0.100239582359791,-0.000376105308532715,42.475887298584,-71.3386764526367,171.418899536133,136.926345825195,-1.28851509094238,-1.03873646259308,106.455986022949,51.2507553100586,-0.844779908657074,-0.317699134349823,-2.5,0.495425254106522,70
738533.39891818154137581587,50.4938583374023,-1.45176160335541,9.14805698394775,0.100239582359791,-0.000376105308532715,42.4758720397949,-71.3385543823242,171.10546875,136.46337890625,-1.29192841053009,-1.06711292266846,106.578033447266,51.3363838195801,-0.974229633808136,-0.30715936422348,-2.50000047683716,0.491616129875183,70
738533.39892055455129593611,50.5869750976562,-1.52408933639526,9.10062885284424,0.100239582359791,-0.000376105308532715,42.4758567810059,-71.3384246826172,170.749771118164,135.949752807617,-1.08508598804474,-1.09801769256592,106.715042114258,51.4216537475586,-1.11526942253113,-0.279834032058716,-2.5,0.487647831439972,70
738533.39892284804955124855,50.6707153320312,-1.53603303432465,9.0540018081665,0.100239582359791,-0.000376105308532715,42.4758415222168,-71.3383102416992,170.407302856445,135.549041748047,-0.931738078594208,-1.08334898948669,106.848968505859,51.4961700439453,-1.24252033233643,-0.286251604557037,-2.5,0.483980625867844,70
738533.39892521093133836985,50.7559471130371,-1.50836825370789,9.00520420074463,0.100239582359791,-0.000376105308532715,42.4758224487305,-71.3381805419922,170.049530029297,135.191040039062,-0.923536002635956,-0.98044490814209,106.992988586426,51.5706825256348,-1.36005806922913,-0.328359454870224,-2.5,0.480170786380768,70
738533.39892752119340002537,50.8372650146484,-1.51340699195862,8.96463108062744,0.100239582359791,-0.000376105308532715,42.4758071899414,-71.3380584716797,169.706604003906,135.181304931641,-0.986746728420258,-0.592665314674377,107.132270812988,51.6438026428223,-1.45113241672516,-0.348851352930069,-2.5,0.476584225893021,70
738533.39892982237506657839,50.9165229797363,-1.51195549964905,8.93306159973145,0.100239582359791,-0.000376105308532715,42.4757919311523,-71.3379364013672,169.363403320312,134.906463623047,-1.00129675865173,-0.3304123878479,107.271942138672,51.7163200378418,-1.52259981632233,-0.276695013046265,-2.5,0.473070353269577,70
738533.39893210609443485737,50.9932060241699,-1.51432728767395,8.91226577758789,0.100239582359791,-0.000376105308532715,42.4757766723633,-71.3378067016602,169.017807006836,134.560882568359,-0.959462106227875,0.0827107280492783,107.412200927734,51.7883071899414,-1.57778131961823,-0.247705385088921,-2.49999952316284,0.469603598117828,70
738533.39893451356329023838,51.0673866271973,-1.49940145015717,8.90539169311523,0.100239582359791,-0.000376105308532715,42.4757614135742,-71.3376846313477,168.661239624023,134.204330444336,-0.894088208675385,0.674093127250671,107.556983947754,51.859733581543,-1.62058138847351,-0.180195406079292,-2.49999952316284,0.466070145368576,70
738533.39893684245180338621,51.1333923339844,-1.47221660614014,8.91892623901367,0.100239582359791,-0.000376105308532715,42.4757461547852,-71.3375549316406,168.314804077148,133.857894897461,-0.811384558677673,1.4009507894516,107.697738647461,51.9262809753418,-1.64980804920197,-0.0767096802592278,-2.5,0.462680965662003,70
738533.39893914223648607731,51.1905746459961,-1.4313371181488,8.94840049743652,0.100239582359791,-0.000376105308532715,42.4757308959961,-71.3374328613281,167.986526489258,133.529602050781,-0.735134601593018,1.67249822616577,107.831657409668,51.986515045166,-1.66642761230469,0.125857874751091,-2.5,0.459458082914352,70
738533.39894143329001963139,51.2440643310547,-1.37245488166809,8.98710346221924,0.100239582359791,-0.000376105308532715,42.4757118225098,-71.3373031616211,167.657943725586,133.201019287109,-0.626399636268616,1.63702058792114,107.966812133789,52.0442657470703,-1.67154431343079,0.196786925196648,-2.5,0.456166863441467,70
738533.39894388453103601933,51.2961273193359,-1.29434490203857,9.02772426605225,0.100239582359791,-0.000376105308532715,42.4756965637207,-71.3371734619141,167.32682800293,132.869964599609,-0.521595120429993,1.59819447994232,108.105270385742,52.1005554199219,-1.66304731369019,0.222333401441574,-2.50000023841858,0.452721297740936,70
738533.39894623437430709600,51.3416633605957,-1.21208381652832,9.06546497344971,0.100239582359791,-0.000376105308532715,42.4756813049316,-71.337043762207,167.028106689453,132.5712890625,-0.425418227910995,1.56058180332184,108.231925964355,52.149959564209,-1.64141094684601,0.221901997923851,-2.50000047683716,0.44947350025177,70
738533.39894881949294358492,51.3846168518066,-1.12095582485199,9.1030855178833,0.100239582359791,-0.000376105308532715,42.4756622314453,-71.3369140625,166.738098144531,132.281311035156,-0.325735002756119,1.52243757247925,108.357276916504,52.1967582702637,-1.60557878017426,0.209867835044861,-2.5,0.446104556322098,70
738533.39895159064326435328,51.4286003112793,-1.01062631607056,9.14536476135254,0.100239582359791,-0.000376105308532715,42.475643157959,-71.3367614746094,166.430252075195,131.973480224609,-0.209806367754936,1.47989320755005,108.493865966797,52.2451934814453,-1.54887044429779,0.146403163671494,-2.5,0.442202061414719,70
738533.39895394106861203909,51.4625663757324,-0.909497559070587,9.18171787261963,0.100239582359791,-0.000376105308532715,42.4756278991699,-71.3366317749023,166.181884765625,131.72509765625,-0.10551030933857,1.44304645061493,108.605842590332,52.2831420898438,-1.48750996589661,0.0389351025223732,-2.5,0.438784062862396,70
738533.39895633002743124962,51.4919929504395,-0.807104647159576,9.21515846252441,0.100239582359791,-0.000376105308532715,42.4756088256836,-71.3365020751953,165.958648681641,131.501831054688,0.00154442305210978,1.40611827373505,108.708770751953,52.3163070678711,-1.41777884960175,-0.0700491368770599,-2.5,0.435385018587112,70
738533.39895862108096480370,51.5164794921875,-0.706710159778595,9.24335289001465,0.100239582359791,-0.000376105308532715,42.4755935668945,-71.3363723754883,165.766311645508,131.309448242188,0.109361365437508,1.36954474449158,108.799545288086,52.3439254760742,-1.34420073032379,-0.13521483540535,-2.49999928474426,0.432112038135529,70
738533.39896098629105836153,51.5380439758301,-0.600233376026154,9.26867485046387,0.100239582359791,-0.000376105308532715,42.4755783081055,-71.3362503051758,165.58952331543,131.132690429688,0.221553355455399,1.33013546466827,108.88557434082,52.3682975769043,-1.26189911365509,-0.172189518809319,-2.49999928474426,0.428691774606705,70
738533.39896335208322852850,51.5562858581543,-0.489486575126648,9.29078102111816,0.100239582359791,-0.000376105308532715,42.4755592346191,-71.3361129760742,165.431488037109,130.974655151367,0.336313486099243,1.28813660144806,108.965286254883,52.3890113830566,-1.17185759544373,-0.188546374440193,-2.49999976158142,0.425146162509918,70
738533.39896574569866061211,51.570484161377,-0.379132807254791,9.308913230896,0.100239582359791,-0.000376105308532715,42.4755439758301,-71.3359909057617,165.298736572266,130.841903686523,0.44942632317543,1.24529922008514,109.035301208496,52.4052886962891,-1.07847309112549,-0.190267816185951,-2.50000023841858,0.421615660190582,70
738533.39896812615916132927,51.5809593200684,-0.268330186605453,9.32350921630859,0.100239582359791,-0.000376105308532715,42.475528717041,-71.3358612060547,165.189193725586,130.732315063477,0.56188303232193,1.20128834247589,109.096878051758,52.4175071716309,-0.981479167938232,-0.181543633341789,-2.50000023841858,0.418057173490524,70
738533.39897050731815397739,51.5878982543945,-0.153938367962837,9.33490562438965,0.100239582359791,-0.000376105308532715,42.4755096435547,-71.3357315063477,165.101638793945,130.644729614258,0.665985345840454,1.15513479709625,109.150909423828,52.4259033203125,-0.879959642887115,-0.164502158761024,-2.50000047683716,0.414417386054993,70
738533.39897291525267064571,51.5923538208008,-0.0444037094712257,9.34335994720459,0.100239582359791,-0.000376105308532715,42.4754943847656,-71.3356018066406,165.038223266602,130.581253051758,0.688426673412323,1.10821199417114,109.196411132812,52.4315872192383,-0.776323080062866,-0.156764954328537,-2.50000023841858,0.41076135635376,70
738533.39897532516624778509,51.5976791381836,0.0365853384137154,9.34922695159912,0.100239582359791,-0.000376105308532715,42.4754753112793,-71.3354644775391,164.991897583008,130.53483581543,0.644651293754578,1.06434965133667,109.236236572266,52.4378662109375,-0.666189014911652,-0.151041597127914,-2.49999976158142,0.406870275735855,70
738533.39897778187878429890,51.605842590332,0.0731988102197647,9.35365200042725,0.100239582359791,-0.000376105308532715,42.4754600524902,-71.335334777832,164.95849609375,130.501327514648,0.53330010175705,1.10267949104309,109.269302368164,52.4467277526855,-0.560325264930725,-0.147320792078972,-2.50000023841858,0.402979791164398,70
738533.39898020017426460981,51.6168022155762,0.0776369571685791,9.35877513885498,0.100239582359791,-0.000376105308532715,42.4754409790039,-71.335205078125,164.928985595703,130.471710205078,0.426395118236542,1.17121958732605,109.29736328125,52.4584312438965,-0.46664947271347,-0.123004980385303,-2.49999976158142,0.399144500494003,70
738533.39898255188018083572,51.631477355957,0.0440222397446632,9.36633396148682,0.100239582359791,-0.000376105308532715,42.4754257202148,-71.335075378418,164.897247314453,130.439849853516,0.264458864927292,1.29077696800232,109.322769165039,52.4741821289062,-0.389262050390244,-0.0945919081568718,-2.49999976158142,0.395331412553787,70
738533.39898498705588281155,51.6499290466309,-0.0176941622048616,9.37711238861084,0.100239582359791,-0.000376105308532715,42.4754066467285,-71.3349456787109,164.854675292969,130.397155761719,0.141811192035675,1.3909285068512,109.348121643066,52.4942436218262,-0.33096781373024,-0.0413888245820999,-2.49999952316284,0.391450434923172,70
738533.39898740313947200775,51.6708488464355,-0.0836193338036537,9.3908748626709,0.100239582359791,-0.000376105308532715,42.4753913879395,-71.3348083496094,164.795700073242,130.338027954102,0.105555824935436,1.4103490114212,109.375968933105,52.5173530578613,-0.294424206018448,0.0158729813992977,-2.5,0.387383222579956,70
738533.39898974227253347635,51.6915969848633,-0.138436540961266,9.40607070922852,0.100239582359791,-0.000376105308532715,42.4753723144531,-71.3346786499023,164.728179931641,130.270355224609,0.0522440150380135,1.46160328388214,109.404891967773,52.5405960083008,-0.280878752470016,0.043035726994276,-2.5,0.383498400449753,70
738533.39899209723807871342,51.7137069702148,-0.192107886075974,9.42325401306152,0.100239582359791,-0.000376105308532715,42.4753570556641,-71.3345489501953,164.648651123047,130.190673828125,-0.000597054546233267,1.48586142063141,109.437171936035,52.5655975341797,-0.284286618232727,0.0668721795082092,-2.49999952316284,0.379524827003479,70
738533.39899438503198325634,51.7361640930176,-0.242543086409569,9.4409236907959,0.100239582359791,-0.000376105308532715,42.475341796875,-71.3344268798828,164.561874389648,130.103988647461,-0.050520833581686,1.49451327323914,109.471313476562,52.5910682678223,-0.300169467926025,0.0782582834362984,-2.49919366836548,0.375678718090057,70
738533.39899673231411725283,51.760082244873,-0.291723877191544,9.45936012268066,0.100239582359791,-0.000376105308532715,42.4753227233887,-71.3343048095703,164.463989257812,130.006164550781,-0.0976296961307526,1.49155747890472,109.509170532227,52.6181602478027,-0.32575923204422,0.0876333117485046,-2.48887395858765,0.371743112802505,70
738533.39899900578893721104,51.7845611572266,-0.336174100637436,9.477370262146,0.100239582359791,-0.000376105308532715,42.4753074645996,-71.3341751098633,164.358123779297,129.900360107422,-0.124902583658695,1.44854414463043,109.54955291748,52.6457443237305,-0.357689440250397,0.093431144952774,-2.47261905670166,0.36783105134964,70
738533.39900139532983303070,51.8105392456055,-0.375168681144714,9.49504947662354,0.100239582359791,-0.000376105308532715,42.4752922058105,-71.3340454101562,164.241119384766,129.78337097168,-0.154274672269821,1.4033362865448,109.594184875488,52.674747467041,-0.394952148199081,0.0890756770968437,-2.45343995094299,0.363776981830597,70
738533.39900366880465298891,51.8366775512695,-0.417801916599274,9.5114278793335,0.100239582359791,-0.000376105308532715,42.4752731323242,-71.3339233398438,164.11848449707,129.660751342773,-0.140878185629845,1.38486576080322,109.640655517578,52.703727722168,-0.433653175830841,0.0760801807045937,-2.43376851081848,0.359770447015762,70
738533.39900602854322642088,51.8607597351074,-0.419689506292343,9.52847576141357,0.100239582359791,-0.000376105308532715,42.4752540588379,-71.3337860107422,163.981353759766,129.523620605469,0.0628372132778168,1.37727582454681,109.692680358887,52.7305030822754,-0.476056069135666,0.0935652852058411,-2.41260361671448,0.355439901351929,70
738533.39900831354316323996,51.8769760131836,-0.368252694606781,9.54508399963379,0.100239582359791,-0.000376105308532715,42.4752388000488,-71.3336639404297,163.860733032227,129.402984619141,0.237096950411797,1.41750586032867,109.741310119629,52.7490730285645,-0.5107421875,0.0881187170743942,-2.39279937744141,0.351410180330276,70
738533.39901063800789415836,51.8877296447754,-0.289227038621902,9.56241416931152,0.100239582359791,-0.000376105308532715,42.4752235412598,-71.3335418701172,163.752075195312,129.294281005859,0.393915563821793,1.43970274925232,109.789222717285,52.7622947692871,-0.534086585044861,0.0931710451841354,-2.37219619750977,0.34728217124939,70
738533.39901307178661227226,51.8936538696289,-0.18318498134613,9.58049392700195,0.100239582359791,-0.000376105308532715,42.4752044677734,-71.3334045410156,163.657669067383,129.199813842773,0.512473881244659,1.41654467582703,109.836235046387,52.7709274291992,-0.540407240390778,0.0912543535232544,-2.34955668449402,0.342890113592148,70
738533.39901535632088780403,51.8973274230957,-0.0945170745253563,9.59612464904785,0.100239582359791,-0.000376105308532715,42.4751892089844,-71.3332824707031,163.58854675293,129.130661010742,0.510086834430695,1.37503111362457,109.876037597656,52.7771453857422,-0.526932179927826,0.0711978599429131,-2.32688903808594,0.338726550340652,70
738533.39901766588445752859,51.9014320373535,-0.0339586511254311,9.60952472686768,0.100239582359791,-0.000376105308532715,42.475170135498,-71.3331604003906,163.533721923828,129.075790405273,0.499886214733124,1.33152854442596,109.911071777344,52.7835464477539,-0.497254997491837,0.0579031519591808,-2.30309581756592,0.334534704685211,70
738533.39902021444868296385,51.9066047668457,0.0255043059587479,9.62242221832275,0.100239582359791,-0.000376105308532715,42.475154876709,-71.3330230712891,163.486434936523,129.028427124023,0.40964287519455,1.27736413478851,109.944816589355,52.7909774780273,-0.452370792627335,0.0439478345215321,-2.27575922012329,0.329866230487823,70
738533.39902271458413451910,51.9206733703613,0.00537350960075855,9.63296794891357,0.100239582359791,-0.000376105308532715,42.4751358032227,-71.332878112793,163.4453125,128.987197875977,0.00022662352421321,1.19339275360107,109.975250244141,52.8067283630371,-0.400278598070145,0.00972227472811937,-2.24686098098755,0.325089931488037,70
738533.39902512531261891127,51.9461364746094,-0.119260296225548,9.63973903656006,0.100239582359791,-0.000376105308532715,42.4751167297363,-71.3327484130859,163.386520385742,128.92839050293,-0.224886879324913,1.08037686347961,110.003616333008,52.8331336975098,-0.358207404613495,-0.00370405544526875,-2.21887516975403,0.320492327213287,70
738533.39902760938275605440,51.9751052856445,-0.233080521225929,9.64504241943359,0.100239582359791,-0.000376105308532715,42.47509765625,-71.3326110839844,163.297637939453,128.83952331543,-0.158760786056519,1.04890549182892,110.035705566406,52.862964630127,-0.33890837430954,-0.000896965037100017,-2.19063591957092,0.315656214952469,70
738533.39903012895956635475,51.9999160766602,-0.271949946880341,9.6501522064209,0.100239582359791,-0.000376105308532715,42.4750823974609,-71.3324737548828,163.195663452148,128.737640380859,-0.0474356152117252,1.02034616470337,110.071220397949,52.8884735107422,-0.345058083534241,-0.0126071656122804,-2.1639199256897,0.310868203639984,70
738533.39903251687064766884,52.0210227966309,-0.280088871717453,9.65415287017822,0.100239582359791,-0.000376105308532715,42.4750633239746,-71.3323440551758,163.092468261719,128.634506225586,0.0597879365086555,0.982426404953003,110.108589172363,52.9099960327148,-0.364993780851364,-0.0448683612048626,-2.13862371444702,0.306200265884399,70
738533.39903483679518103600,52.0375785827637,-0.251952260732651,9.65694522857666,0.100239582359791,-0.000376105308532715,42.4750442504883,-71.3322143554688,162.99543762207,128.537536621094,0.190253868699074,0.938071072101593,110.145782470703,52.926643371582,-0.388026237487793,-0.101937420666218,-2.11448192596436,0.301680475473404,70
738533.39903714903630316257,52.0510749816895,-0.19886788725853,9.65733814239502,0.100239582359791,-0.000376105308532715,42.4750289916992,-71.3320846557617,162.904327392578,128.446441650391,0.301958858966827,0.891382932662964,110.183860778809,52.9397583007812,-0.407397359609604,-0.161145985126495,-2.08934617042542,0.296979933977127,70
738533.39903941948432475328,52.0614929199219,-0.135602161288261,9.65513229370117,0.100239582359791,-0.000376105308532715,42.4750137329102,-71.3319625854492,162.830200195312,128.372329711914,0.341487497091293,0.8459832072258,110.217887878418,52.9493980407715,-0.416065067052841,-0.214738115668297,-2.0650372505188,0.292524069547653,70
738533.39904180204030126333,52.072811126709,-0.0901456475257874,9.64959144592285,0.100239582359791,-0.000376105308532715,42.4749946594238,-71.3318328857422,162.763229370117,128.305328369141,0.326939314603806,0.796855688095093,110.251091003418,52.9594192504883,-0.412698656320572,-0.255440711975098,-2.03849768638611,0.287767589092255,70
738533.39904404210392385721,52.0841979980469,-0.056777399033308,9.64136791229248,0.100239582359791,-0.000376105308532715,42.4749794006348,-71.3317108154297,162.706420898438,128.248474121094,0.316662639379501,0.748432695865631,110.279914855957,52.9690742492676,-0.399614632129669,-0.272433042526245,-2.01224780082703,0.283211410045624,70
738533.39904644538182765245,52.0972290039062,-0.044666975736618,9.63227653503418,0.100239582359791,-0.000376105308532715,42.4749603271484,-71.3315811157227,162.652648925781,128.19465637207,0.288750112056732,0.867297470569611,110.307014465332,52.980224609375,-0.379405707120895,-0.31588140130043,-1.98436236381531,0.278468072414398,70
738533.39904876088257879019,52.1098213195801,-0.0318338237702847,9.62501049041748,0.100239582359791,-0.000376105308532715,42.4749450683594,-71.3314514160156,162.600204467773,128.142196655273,0.282612651586533,1.1912157535553,110.331985473633,52.9912757873535,-0.356839418411255,-0.168713137507439,-1.95573210716248,0.273684293031693,70
738533.39905113202985376120,52.1213150024414,-0.0304181966930628,9.62567615509033,0.100239582359791,-0.000376105308532715,42.474925994873,-71.3313217163086,162.550262451172,128.092239379883,0.232073277235031,1.32083892822266,110.355010986328,53.0027008056641,-0.334858894348145,-0.0255877859890461,-1.92691719532013,0.268924474716187,70
738533.39905351353809237480,52.133674621582,-0.0434640944004059,9.63279247283936,0.100239582359791,-0.000376105308532715,42.4749069213867,-71.3311920166016,162.496963500977,128.038909912109,0.170372426509857,1.43208730220795,110.377990722656,53.0161552429199,-0.314906656742096,0.0429241880774498,-1.89678621292114,0.263989955186844,70
738533.39905584626831114292,52.146167755127,-0.0684644281864166,9.64451885223389,0.100239582359791,-0.000376105308532715,42.4748916625977,-71.3310623168945,162.443115234375,127.985084533691,0.0945863649249077,1.47307205200195,110.399635314941,53.0305976867676,-0.300972998142242,0.0270102117210627,-1.86831390857697,0.259355425834656,70
738533.39905816561076790094,52.1611061096191,-0.106467872858047,9.65682697296143,0.100239582359791,-0.000376105308532715,42.4748764038086,-71.3309326171875,162.380996704102,127.923179626465,0.0281849335879087,1.43313193321228,110.422897338867,53.0475883483887,-0.293342083692551,0.0205264501273632,-1.83898556232452,0.254546642303467,70
738533.39906065410468727350,52.1784286499023,-0.148255556821823,9.66677474975586,0.100239582359791,-0.000376105308532715,42.4748573303223,-71.3308029174805,162.306488037109,127.848731994629,0.0298780202865601,1.2883642911911,110.449111938477,53.0665321350098,-0.294272363185883,0.0440080724656582,-1.80832612514496,0.249443739652634,70
738533.39906291547231376171,52.1943206787109,-0.164555594325066,9.6707706451416,0.100239582359791,-0.000376105308532715,42.4748382568359,-71.3306732177734,162.231918334961,127.774108886719,0.0820745080709457,1.04701697826385,110.47509765625,53.082935333252,-0.302698254585266,0.0569466389715672,-1.78013467788696,0.244718730449677,70
738533.39906535786576569080,52.2109069824219,-0.145777434110641,9.66718578338623,0.100239582359791,-0.000376105308532715,42.4748229980469,-71.3305435180664,162.155059814453,127.697174072266,0.0519414581358433,0.720097541809082,110.503486633301,53.0985374450684,-0.315376192331314,-0.00658563431352377,-1.75104689598083,0.239779844880104,70
738533.39906768291257321835,52.234504699707,-0.176162987947464,9.65399837493896,0.100239582359791,-0.000376105308532715,42.4748039245605,-71.3304138183594,162.077606201172,127.504997253418,-0.22965669631958,0.47440043091774,110.533378601074,53.1194305419922,-0.327305734157562,-0.0739297568798065,-1.72146475315094,0.234763145446777,70
738533.39907002868130803108,52.2679748535156,-0.27981361746788,9.63346290588379,0.100239582359791,-0.000376105308532715,42.4747886657715,-71.3302841186523,161.986663818359,127.276596069336,-0.520186841487885,0.199381694197655,110.564750671387,53.1490669250488,-0.341468662023544,-0.127758026123047,-1.69252407550812,0.229828655719757,70
738533.39907229226082563400,52.3090209960938,-0.416008234024048,9.60738658905029,0.100239582359791,-0.000376105308532715,42.4747695922852,-71.3301544189453,161.873336791992,127.029174804688,-0.736638009548187,0.0238272417336702,110.598945617676,53.185604095459,-0.366195917129517,-0.177333131432533,-1.6650573015213,0.225007385015488,70
738533.39907458692323416471,52.3531227111816,-0.556741416454315,9.57823753356934,0.100239582359791,-0.000376105308532715,42.4747543334961,-71.3300323486328,161.735107421875,126.760398864746,-0.756330370903015,-0.0361063815653324,110.637359619141,53.2250137329102,-0.40688169002533,-0.191821739077568,-1.63959717750549,0.220307677984238,70
738533.39907688042148947716,52.3982276916504,-0.644035637378693,9.54557228088379,0.100239582359791,-0.000376105308532715,42.474739074707,-71.3299026489258,161.569763183594,126.476722717285,-0.719825804233551,-0.0866124927997589,110.683555603027,53.2644996643066,-0.467049568891525,-0.190504416823387,-1.61472141742706,0.21541653573513,70
738533.39907922851853072643,52.444408416748,-0.710867702960968,9.51096153259277,0.100239582359791,-0.000376105308532715,42.4747200012207,-71.3297729492188,161.387496948242,126.29207611084,-0.762704014778137,-0.137812450528145,110.736267089844,53.3045959472656,-0.539357006549835,-0.209808617830276,-1.59088778495789,0.210469499230385,70
738533.39908153552096337080,52.4918251037598,-0.774984538555145,9.47523307800293,0.100239582359791,-0.000376105308532715,42.4747047424316,-71.3296508789062,161.194869995117,126.097015380859,-0.825918912887573,-0.18837296962738,110.79322052002,53.3457794189453,-0.615034818649292,-0.226027518510818,-1.56843817234039,0.205625578761101,70
738533.39908379642292857170,52.5397415161133,-0.832988023757935,9.43893337249756,0.100239582359791,-0.000376105308532715,42.4746894836426,-71.3295211791992,160.995788574219,125.8955078125,-0.885348856449127,-0.237611353397369,110.852828979492,53.3873748779297,-0.689168155193329,-0.235178500413895,-1.5474442243576,0.200938016176224,70
738533.39908609585836529732,52.5915031433105,-0.889988720417023,9.39961051940918,0.100239582359791,-0.000376105308532715,42.4746704101562,-71.3293914794922,160.77653503418,125.673645019531,-0.945598006248474,-0.285759508609772,110.91919708252,53.4323043823242,-0.765026152133942,-0.244220450520515,-1.52632558345795,0.196056127548218,70
738533.39908843778539448977,52.6434364318848,-0.947925448417664,9.36141872406006,0.100239582359791,-0.000376105308532715,42.4746551513672,-71.3292694091797,160.550811767578,125.388832092285,-0.982054591178894,-0.20084610581398,110.987602233887,53.4777183532715,-0.836453497409821,-0.255433201789856,-1.50641620159149,0.19133572280407,70
738533.39909074071329087019,52.6963691711426,-0.990947365760803,9.32325458526611,0.100239582359791,-0.000376105308532715,42.4746398925781,-71.3291397094727,160.310455322266,125.071105957031,-1.0055513381958,-0.206598535180092,111.060905456543,53.5239410400391,-0.906356751918793,-0.23719634115696,-1.48677587509155,0.186557367444038,70
738533.39909310697112232447,52.7492599487305,-1.03201639652252,9.28559970855713,0.100239582359791,-0.000376105308532715,42.4746208190918,-71.3290100097656,160.064682006836,124.74885559082,-1.03905642032623,-0.221596926450729,111.136154174805,53.5702514648438,-0.971187949180603,-0.233250737190247,-1.46794319152832,0.181882053613663,70
738533.39909543911926448345,52.8047294616699,-1.06998562812805,9.24606895446777,0.100239582359791,-0.000376105308532715,42.4746055603027,-71.3288803100586,159.80143737793,124.406181335449,-1.06875395774841,-0.23713555932045,111.217025756836,53.618782043457,-1.03371143341064,-0.231008380651474,-1.44892024993896,0.177078917622566,70
738533.39909786218777298927,52.8592872619629,-1.10380780696869,9.20718765258789,0.100239582359791,-0.000376105308532715,42.4745903015137,-71.3287506103516,159.537322998047,124.064514160156,-1.09333372116089,-0.252316623926163,111.298095703125,53.6665153503418,-1.08983302116394,-0.236638829112053,-1.43080449104309,0.172449558973312,70
738533.39910016895737498999,52.916072845459,-1.13307285308838,9.16629314422607,0.100239582359791,-0.000376105308532715,42.4745712280273,-71.32861328125,159.25732421875,123.704177856445,-1.11383354663849,-0.268242806196213,111.384132385254,53.716064453125,-1.14304876327515,-0.240382120013237,-1.41245150566101,0.167704686522484,70
738533.39910258213058114052,52.9713020324707,-1.15758657455444,9.1261043548584,0.100239582359791,-0.000376105308532715,42.4745559692383,-71.328483581543,158.980880737305,123.34992980957,-1.1361026763916,-0.277232438325882,111.46891784668,53.76416015625,-1.1897155046463,-0.241801217198372,-1.3950058221817,0.163187146186829,70
738533.39910495234653353691,53.0280380249023,-1.18139636516571,9.08503341674805,0.100239582359791,-0.000376105308532715,42.4745407104492,-71.3283462524414,158.69303894043,122.982391357422,-1.15913832187653,-0.253016889095306,111.557037353516,53.8136291503906,-1.23276519775391,-0.248603001236916,-1.37742030620575,0.158616051077843,70
738533.39910728216636925936,53.0835456848145,-1.20399451255798,9.04618072509766,0.100239582359791,-0.000376105308532715,42.4745216369629,-71.3282165527344,158.406219482422,122.531578063965,-1.18185460567474,-0.164492651820183,111.644355773926,53.8622856140137,-1.2707267999649,-0.246983796358109,-1.36040675640106,0.154208853840828,70
738533.39910964027512818575,53.1380310058594,-1.22684335708618,9.01056957244873,0.100239582359791,-0.000376105308532715,42.4745063781738,-71.3280868530273,158.117385864258,122.024887084961,-1.20210039615631,-0.0498618558049202,111.731651306152,53.9105377197266,-1.30483758449554,-0.233444571495056,-1.34374523162842,0.149897798895836,70
738533.39911200699862092733,53.1930770874023,-1.24843776226044,8.97697162628174,0.100239582359791,-0.000376105308532715,42.4744911193848,-71.3279571533203,157.817047119141,121.501342773438,-1.21833217144012,0.00956058315932751,111.82177734375,53.9596900939941,-1.33687436580658,-0.197484388947487,-1.32688891887665,0.145546108484268,70
738533.39911429840140044689,53.2457046508789,-1.26746678352356,8.94593811035156,0.100239582359791,-0.000376105308532715,42.4744758605957,-71.3278274536133,157.524429321289,120.993934631348,-1.23553311824799,-0.00572113320231438,111.908821105957,54.0068626403809,-1.36526226997375,-0.183372542262077,-1.31085872650146,0.141433104872704,70
738533.39911659411154687405,53.2987480163574,-1.28552281856537,8.9141960144043,0.100239582359791,-0.000376105308532715,42.4744606018066,-71.3276977539062,157.225952148438,120.47900390625,-1.25129866600037,-0.0215290896594524,111.996955871582,54.0543441772461,-1.39179027080536,-0.17034624516964,-1.29486513137817,0.137350842356682,70
738533.39911888749338686466,53.35107421875,-1.30134677886963,8.88255500793457,0.100239582359791,-0.000376105308532715,42.4744453430176,-71.3275680541992,156.927703857422,119.966720581055,-1.26477515697479,-0.0369149632751942,112.084327697754,54.1011161804199,-1.4161571264267,-0.165054976940155,-1.2791930437088,0.133387818932533,70
738533.39912114560138434172,53.4035491943359,-1.31501924991608,8.85038566589355,0.100239582359791,-0.000376105308532715,42.4744300842285,-71.3274383544922,156.624969482422,119.448608398438,-1.27627503871918,-0.0521365739405155,112.172462463379,54.1479225158691,-1.43889081478119,-0.163593262434006,-1.2635440826416,0.129467368125916,70
738533.39912351453676819801,53.4572257995605,-1.32616662979126,8.8168306350708,0.100239582359791,-0.000376105308532715,42.4744148254395,-71.3273086547852,156.311660766602,118.914024353027,-1.28628206253052,-0.0723787248134613,112.263214111328,54.1956672668457,-1.46037912368774,-0.160974755883217,-1.24755918979645,0.125491976737976,70
738533.39912585972342640162,53.5109100341797,-1.33478975296021,8.7822151184082,0.100239582359791,-0.000376105308532715,42.4743995666504,-71.3271713256836,155.995208740234,118.375297546387,-1.29435133934021,-0.125097692012787,112.354316711426,54.2432136535645,-1.47991693019867,-0.163685292005539,-1.23155498504639,0.12156642973423,70
738533.39912815392017364502,53.5627136230469,-1.34085023403168,8.74725341796875,0.100239582359791,-0.000376105308532715,42.4743843078613,-71.3270492553711,155.687942504883,117.853019714355,-1.30064737796783,-0.176735237240791,112.442153930664,54.2888259887695,-1.49673318862915,-0.171938896179199,-1.21608579158783,0.117838270962238,70
738533.39913041773252189159,53.6144866943359,-1.34451162815094,8.71062183380127,0.100239582359791,-0.000376105308532715,42.4743690490723,-71.3269195556641,155.379119873047,117.328620910645,-1.30484294891357,-0.228428617119789,112.529991149902,54.334114074707,-1.51149702072144,-0.183147966861725,-1.20054686069489,0.114165350794792,70
738533.39913268969394266605,53.6652946472168,-1.34448862075806,8.67238330841064,0.100239582359791,-0.000376105308532715,42.4743537902832,-71.326789855957,155.074844360352,116.812004089355,-1.31069600582123,-0.317010939121246,112.616058349609,54.3781356811523,-1.52388250827789,-0.189740732312202,-1.18517482280731,0.110614664852619,70
738533.39913503662683069706,53.7195892333984,-1.34129226207733,8.62943649291992,0.100239582359791,-0.000376105308532715,42.4743385314941,-71.32666015625,154.754318237305,116.267227172852,-1.37735319137573,-0.407454907894135,112.706573486328,54.4248161315918,-1.53441488742828,-0.218765169382095,-1.16880905628204,0.106926143169403,70
738533.39913740486372262239,53.7733879089355,-1.36947548389435,8.58401775360107,0.100239582359791,-0.000376105308532715,42.4743232727051,-71.3265228271484,154.433334350586,115.723426818848,-1.48457336425781,-0.478368878364563,112.795867919922,54.4714431762695,-1.54282879829407,-0.24174764752388,-1.15242314338684,0.103336289525032,70
738533.39913985703606158495,53.8230476379395,-1.4108510017395,8.53359413146973,0.100239582359791,-0.000376105308532715,42.4743041992188,-71.3263854980469,154.094589233398,115.154663085938,-1.57230651378632,-0.549586415290833,112.887413024902,54.5136070251465,-1.55290198326111,-0.246291056275368,-1.13562440872192,0.0996976047754288,70
738533.39914212166331708431,53.8614082336426,-1.45485734939575,8.482741355896,0.100239582359791,-0.000376105308532715,42.474292755127,-71.3262557983398,153.766174316406,114.608894348145,-1.66141045093536,-0.589124083518982,112.971832275391,54.5447044372559,-1.56635093688965,-0.248016640543938,-1.12007915973663,0.0963496118783951,70
738533.39914444799069315195,53.8890533447266,-1.51225686073303,8.4293737411499,0.100239582359791,-0.000376105308532715,42.4742774963379,-71.3261260986328,153.427719116211,114.053131103516,-1.75573575496674,-0.598135590553284,113.052238464355,54.5652923583984,-1.58513796329498,-0.234817460179329,-1.10501503944397,0.0930759012699127,70
738533.39914672623854130507,53.9019889831543,-1.57798051834106,8.37273216247559,0.100239582359791,-0.000376105308532715,42.4742622375488,-71.3259963989258,153.071884155273,113.47681427002,-1.83263957500458,-0.604419529438019,113.126831054688,54.5712089538574,-1.61100745201111,-0.208049729466438,-1.09041023254395,0.0898323282599449,70
738533.39914897491689771414,53.9081153869629,-1.64869892597198,8.31925487518311,0.100239582359791,-0.000376105308532715,42.4742469787598,-71.3258666992188,152.718826293945,112.913055419922,-1.89595174789429,-0.532709360122681,113.18824005127,54.571174621582,-1.64274656772614,-0.209890961647034,-1.07724618911743,0.0868173688650131,70
738533.39915133954491466284,53.9203872680664,-1.72349381446838,8.26788330078125,0.100239582359791,-0.000376105308532715,42.4742317199707,-71.3257369995117,152.328735351562,112.299270629883,-1.94266319274902,-0.315165311098099,113.241722106934,54.5778045654297,-1.68445336818695,-0.193333968520164,-1.06426990032196,0.0836865678429604,70
738533.39915374771226197481,53.9375305175781,-1.80873644351959,8.22675704956055,0.100239582359791,-0.000376105308532715,42.4742164611816,-71.3255996704102,151.916809082031,111.660583496094,-1.93123114109039,0.0811140388250351,113.285652160645,54.5912818908691,-1.73447692394257,-0.20824408531189,-1.05227541923523,0.0806176736950874,70
738533.39915608125738799572,53.9517936706543,-1.87387990951538,8.19655513763428,0.100239582359791,-0.000376105308532715,42.4742050170898,-71.3254623413086,151.493347167969,111.012535095215,-1.70058166980743,0.42877385020256,113.322387695312,54.6030311584473,-1.79091322422028,-0.0668425932526588,-1.04162979125977,0.0776776075363159,70
738533.39915856008883565664,53.9571342468262,-1.79975879192352,8.17332172393799,0.100239582359791,-0.000376105308532715,42.4741897583008,-71.325325012207,151.056060791016,110.342849731445,-1.26585590839386,0.384786635637283,113.354988098145,54.6023292541504,-1.85108423233032,0.00270933681167662,-1.03157699108124,0.0747200027108192,70
738533.39916092401836067438,53.9527206420898,-1.65246188640594,8.14935970306396,0.100239582359791,-0.000376105308532715,42.4741744995117,-71.3251876831055,150.653274536133,109.712882995605,-0.92261528968811,0.341316640377045,113.380096435547,54.5897331237793,-1.89498925209045,0.00612200610339642,-1.02135956287384,0.0719220414757729,70
738533.39916337083559483290,53.9394149780273,-1.46128261089325,8.12329387664795,0.100239582359791,-0.000376105308532715,42.4741592407227,-71.3250503540039,150.286804199219,109.119499206543,-0.633988976478577,0.298450082540512,113.396179199219,54.5672378540039,-1.90955519676208,-0.0133285047486424,-1.00939869880676,0.0691995546221733,70
738533.39916600787546485662,53.9156036376953,-1.23600113391876,8.09189987182617,0.100239582359791,-0.000376105308532715,42.4741439819336,-71.3249053955078,149.932113647461,108.515472412109,-0.36662369966507,0.25328266620636,113.401161193848,54.5334625244141,-1.88263642787933,-0.0464841276407242,-0.993036329746246,0.066263310611248,70
738533.39916839369107037783,53.8853454589844,-1.01928520202637,8.06010150909424,0.100239582359791,-0.000376105308532715,42.4741287231445,-71.3247680664062,149.650787353516,108.003845214844,-0.131240323185921,0.212449744343758,113.392646789551,54.4943542480469,-1.81798827648163,-0.073337197303772,-0.974214553833008,0.0636498853564262,70
738533.39917071885429322720,53.8490715026855,-0.809574067592621,8.02710247039795,0.100239582359791,-0.000376105308532715,42.4741134643555,-71.3246307373047,149.422897338867,107.554061889648,0.0698417350649834,0.186072468757629,113.371704101562,54.4500885009766,-1.72264075279236,-0.0984631478786469,-0.952378511428833,0.0611869879066944,70
738533.39917303889524191618,53.8082542419434,-0.607001900672913,7.99417114257812,0.100239582359791,-0.000376105308532715,42.4740982055664,-71.3245010375977,149.242904663086,107.159927368164,0.208120673894882,0.211479112505913,113.339416503906,54.4022369384766,-1.60471606254578,-0.128027886152267,-0.927699744701385,0.0588602349162102,70
738533.39917540154419839382,53.7627639770508,-0.435932248830795,7.95969915390015,0.100239582359791,-0.000376105308532715,42.4740867614746,-71.3243637084961,149.091247558594,106.779289245605,0.135308846831322,0.265430808067322,113.29207611084,54.3505439758301,-1.45571839809418,-0.160754263401031,-0.897299706935883,0.0564077012240887,70
738533.39917764940764755011,53.7227973937988,-0.351719498634338,7.92902040481567,0.100239582359791,-0.000376105308532715,42.4740715026855,-71.3242416381836,148.972686767578,106.447235107422,0.0656168386340141,0.315461993217468,113.238037109375,54.3059120178223,-1.30655467510223,-0.167480304837227,-0.865635454654694,0.0541870519518852,70
738533.39918004674836993217,53.6834945678711,-0.289462506771088,7.89874744415283,0.100239582359791,-0.000376105308532715,42.4740562438965,-71.324104309082,148.865631103516,106.122848510742,-0.00314398133195937,0.322990506887436,113.175132751465,54.2622451782227,-1.15690934658051,-0.147336691617966,-0.830925643444061,0.0519673116505146,70
738533.39918238192331045866,53.6486358642578,-0.281657844781876,7.86752128601074,0.100239582359791,-0.000376105308532715,42.4740447998047,-71.3239669799805,148.761535644531,105.785781860352,-0.455874383449554,0.311279863119125,113.101287841797,54.2231788635254,-1.00819718837738,-0.172463491559029,-0.791619479656219,0.0496327169239521,70
738533.39918473898433148861,53.6308479309082,-0.418808490037918,7.83924293518066,0.100239582359791,-0.000376105308532715,42.4740295410156,-71.3238372802734,148.646530151367,105.451652526855,-0.919048428535461,0.315478265285492,113.029769897461,54.2023696899414,-0.891589283943176,-0.17848464846611,-0.753718078136444,0.0475023165345192,70
738533.39918709336780011654,53.6194076538086,-0.611009061336517,7.81209754943848,0.100239582359791,-0.000376105308532715,42.4740142822266,-71.3236999511719,148.494674682617,105.077690124512,-1.19558000564575,0.38318344950676,112.95938873291,54.1889533996582,-0.812887132167816,-0.165840700268745,-0.716179490089417,0.0453892089426517,70
738533.39918937976472079754,53.6124839782715,-0.793434739112854,7.78887557983398,0.100239582359791,-0.000376105308532715,42.4740028381348,-71.3235702514648,148.307052612305,104.710578918457,-1.39484894275665,0.530201256275177,112.895278930664,54.1811256408691,-0.782134890556335,-0.13226842880249,-0.681132316589355,0.0433439984917641,70
738533.39919175812974572182,53.6101684570312,-0.977275311946869,7.77121353149414,0.100239582359791,-0.000376105308532715,42.4739875793457,-71.3234405517578,148.085327148438,104.317108154297,-1.58961844444275,0.678706467151642,112.839668273926,54.1793022155762,-0.795932412147522,-0.10293248295784,-0.649144530296326,0.0413748100399971,70
738533.39919402182567864656,53.6125183105469,-1.16644823551178,7.75783395767212,0.100239582359791,-0.000376105308532715,42.4739761352539,-71.3233108520508,147.826751708984,103.887008666992,-1.78915083408356,0.758334696292877,112.793075561523,54.1834526062012,-0.848096609115601,-0.0701415091753006,-0.620038509368896,0.0394485294818878,70
738533.39919637574348598719,53.6199150085449,-1.37220752239227,7.7464771270752,0.100239582359791,-0.000376105308532715,42.4739608764648,-71.3231811523438,147.519195556641,103.402275085449,-1.94408643245697,0.764569222927094,112.755340576172,54.1939659118652,-0.936013042926788,-0.0346792973577976,-0.593177080154419,0.0374904535710812,70
738533.39919886621646583080,53.6318969726562,-1.54514646530151,7.73661422729492,0.100239582359791,-0.000376105308532715,42.4739456176758,-71.3230438232422,147.162582397461,102.86417388916,-1.90823090076447,0.760266900062561,112.72859954834,54.2090682983398,-1.05553817749023,-0.0122261103242636,-0.569241583347321,0.0355285555124283,70
738533.39920126926153898239,53.6485710144043,-1.6759318113327,7.72896766662598,0.100239582359791,-0.000376105308532715,42.4739303588867,-71.3229064941406,146.777145385742,102.297760009766,-1.94101095199585,0.793177008628845,112.714065551758,54.2283592224121,-1.19311332702637,-0.0220998227596283,-0.548669457435608,0.0336184576153755,70
738533.39920358383096754551,53.6680526733398,-1.79113590717316,7.72393369674683,0.100239582359791,-0.000376105308532715,42.4739189147949,-71.3227691650391,146.385940551758,101.734275817871,-2.02123427391052,0.88047993183136,112.71102142334,54.2505950927734,-1.33052062988281,-0.0308962464332581,-0.531654119491577,0.0318347960710526,70
738533.39920592727139592171,53.6908416748047,-1.90564250946045,7.72170543670654,0.100239582359791,-0.000376105308532715,42.4739036560059,-71.322639465332,145.96337890625,101.135887145996,-2.11369466781616,0.959750175476074,112.718124389648,54.276725769043,-1.47122323513031,-0.0307856984436512,-0.516573250293732,0.0300310738384724,70
738533.39920845627784729004,53.7169914245605,-2.02407908439636,7.72255516052246,0.100239582359791,-0.000376105308532715,42.4738922119141,-71.3225021362305,145.500366210938,100.490455627441,-2.16929817199707,1.06375789642334,112.735687255859,54.306999206543,-1.6143856048584,-0.0272766016423702,-0.503218829631805,0.0281766634434462,70
738533.39921099646016955376,53.7456283569336,-2.12384462356567,7.72812271118164,0.100239582359791,-0.000376105308532715,42.473876953125,-71.3223571777344,144.982131958008,99.7776641845703,-2.16841101646423,1.21461892127991,112.764793395996,54.3399238586426,-1.76198303699493,-0.00467990059405565,-0.491438150405884,0.0262245573103428,70
738533.39921339624561369419,53.7717437744141,-2.19822597503662,7.73818254470825,0.100239582359791,-0.000376105308532715,42.4738616943359,-71.3222198486328,144.488159179688,99.1045989990234,-2.16793489456177,1.35011959075928,112.799491882324,54.3701400756836,-1.889568567276,0.0185380671173334,-0.482556283473969,0.0244584009051323,70
738533.39921585621777921915,53.797492980957,-2.24897456169128,7.7524790763855,0.100239582359791,-0.000376105308532715,42.4738464355469,-71.3220825195312,143.96842956543,98.4012985229492,-2.10561609268188,1.41875410079956,112.841598510742,54.399715423584,-2.01029849052429,0.0555014386773109,-0.475071549415588,0.0226527061313391,70
738533.39921827998477965593,53.822193145752,-2.27002763748169,7.77012062072754,0.100239582359791,-0.000376105308532715,42.4738311767578,-71.3219375610352,143.436935424805,97.6842880249023,-2.06977319717407,1.47444260120392,112.889045715332,54.4275321960449,-2.11872100830078,0.071773961186409,-0.468729645013809,0.0208430700004101,70
738533.39922066754661500454,53.8456153869629,-2.28083515167236,7.78926515579224,0.100239582359791,-0.000376105308532715,42.473819732666,-71.3218002319336,142.917282104492,96.9840774536133,-2.08437013626099,1.51219618320465,112.93824005127,54.4538803100586,-2.20815634727478,0.0792911127209663,-0.463244378566742,0.0190773662179708,70
738533.39922298118472099304,53.8683280944824,-2.29788875579834,7.80868339538574,0.100239582359791,-0.000376105308532715,42.473804473877,-71.3216705322266,142.416412353516,96.3099746704102,-2.11379528045654,1.54091167449951,112.987182617188,54.4798393249512,-2.27881336212158,0.0830554589629173,-0.458348721265793,0.0173768196254969,70
738533.39922530704643577337,53.8906555175781,-2.32338905334473,7.82939434051514,0.100239582359791,-0.000376105308532715,42.4737892150879,-71.3215408325195,141.908996582031,95.6284637451172,-2.05787444114685,1.60990035533905,113.037651062012,54.5059661865234,-2.33736109733582,0.0853101685643196,-0.453756392002106,0.0156593341380358,70
738533.39922759099863469601,53.9101257324219,-2.30445837974548,7.8536319732666,0.100239582359791,-0.000376105308532715,42.4737777709961,-71.3214111328125,141.39909362793,94.8601837158203,-1.91853702068329,1.71128499507904,113.089126586914,54.5279006958008,-2.38600039482117,0.10490956902504,-0.449443459510803,0.0139170177280903,70
738533.39922987727914005518,53.9247932434082,-2.25288081169128,7.8798394203186,0.100239582359791,-0.000376105308532715,42.473762512207,-71.3212814331055,140.914047241211,94.0939788818359,-1.77446246147156,1.75132942199707,113.138374328613,54.5440254211426,-2.42138504981995,0.130805045366287,-0.445171535015106,0.012213759124279,70
738533.39923214423470199108,53.9372978210449,-2.17302346229553,7.90782594680786,0.100239582359791,-0.000376105308532715,42.4737510681152,-71.3211517333984,140.430358886719,93.3298797607422,-1.79151904582977,1.7073165178299,113.187171936035,54.5571975708008,-2.44236755371094,0.132784575223923,-0.440084099769592,0.0104225119575858,70
738533.39923440618440508842,53.9524307250977,-2.17110395431519,7.92488384246826,0.100239582359791,-0.000376105308532715,42.4737358093262,-71.3210220336914,139.961517333984,92.5939865112305,-1.90730357170105,1.12476086616516,113.232772827148,54.5745544433594,-2.44686698913574,0.221618205308914,-0.434011876583099,0.00862923637032509,70
738533.39923682098742574453,53.9731369018555,-2.16425156593323,7.92151594161987,0.100239582359791,-0.000376105308532715,42.4737205505371,-71.3208847045898,139.475219726562,91.830322265625,-1.95835089683533,0.146087914705276,113.278251647949,54.5942687988281,-2.44220924377441,0.157326802611351,-0.427046775817871,0.00671816105023026,70
738533.39923925849143415689,54.000431060791,-2.16338062286377,7.88845920562744,0.100239582359791,-0.000376105308532715,42.4737091064453,-71.3207473754883,138.975814819336,91.0730514526367,-2.00008535385132,-0.734036684036255,113.323890686035,54.6164321899414,-2.43325328826904,-0.061991062015295,-0.419484823942184,0.00471488712355494,70
738533.39924172149039804935,54.0325736999512,-2.17514991760254,7.83576631546021,0.100239582359791,-0.000376105308532715,42.4736938476562,-71.3206100463867,138.477294921875,90.3486709594727,-2.14688229560852,-0.793817520141602,113.369026184082,54.6410980224609,-2.42329168319702,-0.232738554477692,-0.411665916442871,0.0026918170042336,70
738533.39924420509487390518,54.0685806274414,-2.2174072265625,7.77729320526123,0.100239582359791,-0.000376105308532715,42.4736785888672,-71.3204650878906,137.954711914062,89.5925827026367,-2.23727798461914,-0.864977180957794,113.415962219238,54.670051574707,-2.41587328910828,-0.311316430568695,-0.40360552072525,0.000587114016525447,70
738533.39924661209806799889,54.1032829284668,-2.26627039909363,7.71723937988281,0.100239582359791,-0.000376105308532715,42.4736633300781,-71.3203277587891,137.436325073242,88.8476333618164,-2.07691550254822,-0.909091174602509,113.462295532227,54.697868347168,-2.41625142097473,-0.327026158571243,-0.396294116973877,-0.00144370342604816,70
738533.39924906217493116856,54.1346321105957,-2.20228600502014,7.6518349647522,0.100239582359791,-0.000376105308532715,42.4736518859863,-71.3201904296875,136.913619995117,88.0951385498047,-1.85367369651794,-0.955289840698242,113.509780883789,54.7170829772949,-2.42334651947021,-0.331019550561905,-0.389389306306839,-0.00347959040664136,70
738533.39925146603491157293,54.1629638671875,-2.12394022941589,7.58542728424072,0.100239582359791,-0.000376105308532715,42.4736366271973,-71.3200531005859,136.419937133789,87.3770446777344,-1.92664575576782,-0.996746420860291,113.554664611816,54.7327766418457,-2.42506194114685,-0.366635978221893,-0.38204038143158,-0.00541768176481128,70
738533.39925387373659759760,54.1935386657715,-2.12233233451843,7.51798343658447,0.100239582359791,-0.000376105308532715,42.4736213684082,-71.3199157714844,135.929840087891,86.6610717773438,-2.07973408699036,-1.03655505180359,113.597564697266,54.7536659240723,-2.41657257080078,-0.388000786304474,-0.373503655195236,-0.00730247842147946,70
738533.39925639331340789795,54.2278633117676,-2.15269804000854,7.4471755027771,0.100239582359791,-0.000376105308532715,42.4736099243164,-71.3197708129883,135.418273925781,85.9156188964844,-2.17267251014709,-1.06795287132263,113.640419006348,54.7791519165039,-2.40398764610291,-0.386204689741135,-0.364045292139053,-0.00916958134621382,70
738533.39925889135338366032,54.2634239196777,-2.19114232063293,7.37777757644653,0.100239582359791,-0.000376105308532715,42.4735946655273,-71.3196258544922,134.903396606445,85.1689605712891,-2.21928405761719,-0.979293704032898,113.682487487793,54.8064956665039,-2.39521336555481,-0.391309171915054,-0.354722797870636,-0.0109141068533063,70
738533.39926143281627446413,54.2992973327637,-2.22637462615967,7.31205940246582,0.100239582359791,-0.000376105308532715,42.4735794067383,-71.3194885253906,134.376235961914,84.4082794189453,-2.23415398597717,-0.790305197238922,113.72550201416,54.8346290588379,-2.39389181137085,-0.384893834590912,-0.345782846212387,-0.0125548541545868,70
738533.39926391188055276871,54.3337020874023,-2.25957036018372,7.25557947158813,0.100239582359791,-0.000376105308532715,42.4735679626465,-71.3193435668945,133.849273681641,83.6510162353516,-2.22424912452698,-0.457527250051498,113.769058227539,54.8625602722168,-2.40019655227661,-0.412185728549957,-0.337543100118637,-0.014041144400835,70
738533.39926636836025863886,54.3665351867676,-2.27129697799683,7.21133852005005,0.100239582359791,-0.000376105308532715,42.4735527038574,-71.3191986083984,133.304260253906,82.9423141479492,-2.20006895065308,0.146996840834618,113.814888000488,54.8897285461426,-2.41312074661255,-0.361691057682037,-0.329708486795425,-0.0154311209917068,70
738533.39926886744797229767,54.3962554931641,-2.28264856338501,7.18714284896851,0.100239582359791,-0.000376105308532715,42.4735412597656,-71.3190612792969,132.779220581055,82.3668060302734,-2.3048985004425,0.663571417331696,113.859931945801,54.9164657592773,-2.42799806594849,-0.280658900737762,-0.322499930858612,-0.0166359432041645,70
738533.39927130856085568666,54.4273719787598,-2.32390189170837,7.17843961715698,0.100239582359791,-0.000376105308532715,42.4735260009766,-71.3189163208008,132.227874755859,81.7629165649414,-2.41757583618164,1.12169361114502,113.908149719238,54.9478797912598,-2.44460678100586,-0.155326291918755,-0.315309464931488,-0.0177529267966747,70
738533.39927377155981957912,54.4585113525391,-2.37247681617737,7.18158912658691,0.100239582359791,-0.000376105308532715,42.4735145568848,-71.3187713623047,131.683990478516,81.1680221557617,-2.5098934173584,1.54607772827148,113.957069396973,54.9812088012695,-2.46409153938293,0.116328790783882,-0.308942496776581,-0.0187153313308954,70
738533.39927619684021919966,54.4890823364258,-2.42346501350403,7.19752216339111,0.100239582359791,-0.000376105308532715,42.4734992980957,-71.3186416625977,131.14697265625,80.5815887451172,-2.60208177566528,1.95185554027557,114.00757598877,55.015796661377,-2.48772025108337,0.449259549379349,-0.303588598966599,-0.0195558369159698,70
738533.39927881490439176559,54.5222930908203,-2.48925518989563,7.23392868041992,0.100239582359791,-0.000376105308532715,42.4734840393066,-71.318489074707,130.546981811523,79.927734375,-2.71280264854431,2.36674690246582,114.067779541016,55.0563926696777,-2.51986885070801,0.740837574005127,-0.298857599496841,-0.0203971359878778,70
738533.39928124740254133940,54.5542030334473,-2.55430555343628,7.28287839889526,0.100239582359791,-0.000376105308532715,42.4734725952148,-71.3183441162109,129.959320068359,79.2887954711914,-2.80063033103943,2.27027630805969,114.130981445312,55.0974197387695,-2.55713176727295,0.899473309516907,-0.295649260282516,-0.0211434178054333,70
738533.39928381959907710552,54.5905265808105,-2.62414646148682,7.32439279556274,0.100239582359791,-0.000376105308532715,42.4734573364258,-71.3181991577148,129.340179443359,78.6172637939453,-2.84374165534973,1.16811847686768,114.202499389648,55.1421661376953,-2.6023645401001,0.911814391613007,-0.293881326913834,-0.0218774694949389,70
738533.39928636047989130020,54.6333694458008,-2.67105627059937,7.33456563949585,0.100239582359791,-0.000376105308532715,42.4734420776367,-71.3180541992188,128.699752807617,77.9238357543945,-2.79799914360046,-0.355833142995834,114.281799316406,55.1881828308105,-2.65395832061768,0.528078496456146,-0.293703705072403,-0.0226083323359489,70
738533.39928869146388024092,54.6788635253906,-2.66816473007202,7.3117241859436,0.100239582359791,-0.000376105308532715,42.4734306335449,-71.3179168701172,128.103591918945,77.2783966064453,-2.85061287879944,-0.621187448501587,114.359924316406,55.230052947998,-2.70217561721802,0.0185740850865841,-0.294624447822571,-0.0232856329530478,70
738533.39929111860692501068,54.7258682250977,-2.6977322101593,7.27840185165405,0.100239582359791,-0.000376105308532715,42.4734191894531,-71.3177795410156,127.506607055664,76.6319961547852,-2.91402864456177,-0.479239016771317,114.440658569336,55.273624420166,-2.74543333053589,-0.182501628994942,-0.296036720275879,-0.0239637363702059,70
738533.39929358207155019045,54.7730827331543,-2.73450756072998,7.2453236579895,0.100239582359791,-0.000376105308532715,42.4734039306641,-71.3176345825195,126.883575439453,75.957633972168,-2.81029200553894,-0.344750970602036,114.525871276855,55.3178329467773,-2.78583931922913,-0.203282624483109,-0.298071175813675,-0.0246628262102604,70
738533.39929595845751464367,54.8145027160645,-2.6624391078949,7.21314430236816,0.100239582359791,-0.000376105308532715,42.4733924865723,-71.317497253418,126.278541564941,75.3022842407227,-2.47799706459045,-0.37022739648819,114.609146118164,55.351131439209,-2.82121539115906,-0.191814720630646,-0.300585120916367,-0.0253261215984821,70
738533.39929831563495099545,54.8518104553223,-2.53885221481323,7.17899799346924,0.100239582359791,-0.000376105308532715,42.4733772277832,-71.3173599243164,125.699356079102,74.6726379394531,-2.49800968170166,-0.397472381591797,114.689926147461,55.3778381347656,-2.84211945533752,-0.222066253423691,-0.302296668291092,-0.0259678438305855,70
738533.39930065476801246405,54.8893127441406,-2.51331377029419,7.14498138427734,0.100239582359791,-0.000376105308532715,42.4733657836914,-71.3172302246094,125.151893615723,74.0758590698242,-2.75478625297546,-0.424689710140228,114.764472961426,55.409423828125,-2.84202909469604,-0.25641942024231,-0.30217781662941,-0.0265496112406254,70
738533.39930296805687248707,54.930736541748,-2.54974460601807,7.11014461517334,0.100239582359791,-0.000376105308532715,42.4733543395996,-71.3170928955078,124.599502563477,73.4737243652344,-2.93212604522705,-0.449352622032166,114.836166381836,55.4476432800293,-2.83042168617249,-0.251604646444321,-0.300951093435287,-0.0270875133574009,70
738533.39930528809782117605,54.9742698669434,-2.59565401077271,7.07450866699219,0.100239582359791,-0.000376105308532715,42.4733390808105,-71.3169555664062,124.037979125977,72.8620834350586,-3.03635168075562,-0.471891492605209,114.906578063965,55.4883422851562,-2.81889867782593,-0.227314531803131,-0.299669712781906,-0.0275696776807308,70
738533.39930767740588635206,55.0200119018555,-2.64912724494934,7.03794145584106,0.100239582359791,-0.000376105308532715,42.4733276367188,-71.3168182373047,123.451019287109,72.2233200073242,-3.13863897323608,-0.457583755254745,114.979125976562,55.5315437316895,-2.81400036811829,-0.218099981546402,-0.298964083194733,-0.0280046910047531,70
738533.39931011153385043144,55.0671615600586,-2.71377086639404,7.00242376327515,0.100239582359791,-0.000376105308532715,42.473316192627,-71.3166809082031,122.84774017334,71.5675354003906,-3.26926898956299,-0.396502882242203,115.053359985352,55.5768890380859,-2.81920337677002,-0.205292969942093,-0.299282491207123,-0.0283712204545736,70
738533.39931246067862957716,55.1152534484863,-2.79256153106689,6.96925067901611,0.100239582359791,-0.000376105308532715,42.4733009338379,-71.3165435791016,122.22974395752,70.8967666625977,-3.39339160919189,-0.335256993770599,115.129432678223,55.6242752075195,-2.83601784706116,-0.191595852375031,-0.300985723733902,-0.0286597423255444,70
738533.39931488037109375000,55.1646690368652,-2.87645936012268,6.93846654891968,0.100239582359791,-0.000376105308532715,42.4732894897461,-71.31640625,121.596412658691,70.21044921875,-3.51066493988037,-0.273844480514526,115.207847595215,55.6736640930176,-2.86507415771484,-0.176483154296875,-0.304411143064499,-0.0288633368909359,70
738533.39931730215903371572,55.2154502868652,-2.96850204467773,6.91008758544922,0.100239582359791,-0.000376105308532715,42.4732780456543,-71.3162612915039,120.944892883301,69.5056533813477,-3.60532021522522,-0.207119286060333,115.289268493652,55.725284576416,-2.90599131584167,-0.162358462810516,-0.309825927019119,-0.0289803296327591,70
738533.39931969624012708664,55.2669296264648,-3.07286214828491,6.88708734512329,0.100239582359791,-0.000376105308532715,42.4732666015625,-71.3161239624023,120.261421203613,68.7677688598633,-3.50741648674011,0.128226295113564,115.37557220459,55.7790985107422,-2.95928335189819,-0.176974385976791,-0.317653834819794,-0.0290103890001774,70
738533.39932194259017705917,55.314281463623,-3.07202482223511,6.8721776008606,0.100239582359791,-0.000376105308532715,42.4732551574707,-71.3159942626953,119.628196716309,68.0847396850586,-3.1851794719696,0.229705944657326,115.457260131836,55.8241310119629,-3.0160596370697,-0.056121040135622,-0.326903611421585,-0.0289639141410589,70
738533.39932423178106546402,55.3590660095215,-3.00631046295166,6.86058187484741,0.100239582359791,-0.000376105308532715,42.4732398986816,-71.3158569335938,118.984191894531,67.3892211914062,-2.99720740318298,0.228048533201218,115.543960571289,55.8635101318359,-3.07191586494446,-0.0333436280488968,-0.337385475635529,-0.0288388021290302,70
738533.39932650187984108925,55.4000778198242,-2.9309070110321,6.84897899627686,0.100239582359791,-0.000376105308532715,42.4732284545898,-71.3157272338867,118.357627868652,66.7328796386719,-2.93302321434021,0.224776551127434,115.630386352539,55.8987236022949,-3.11321878433228,-0.0420856289565563,-0.347403824329376,-0.0286418534815311,70
738533.39932892820797860622,55.4421424865723,-2.85656690597534,6.83594179153442,0.100239582359791,-0.000376105308532715,42.473217010498,-71.3155822753906,117.691596984863,66.1803894042969,-2.89359354972839,0.221873059868813,115.722846984863,55.9349708557129,-3.13665962219238,-0.0527921989560127,-0.356963843107224,-0.028344327583909,70
738533.39933124277740716934,55.4794082641602,-2.79070830345154,6.82369327545166,0.100239582359791,-0.000376105308532715,42.4732055664062,-71.3154449462891,117.08422088623,65.6788101196289,-2.86070203781128,0.235146835446358,115.80598449707,55.9670944213867,-3.1390540599823,-0.0641372203826904,-0.364317953586578,-0.0280003231018782,70
738533.39933363802265375853,55.516658782959,-2.72880411148071,6.81159210205078,0.100239582359791,-0.000376105308532715,42.4731941223145,-71.3153076171875,116.463638305664,65.1686325073242,-2.86526656150818,0.285706490278244,115.889488220215,55.9994926452637,-3.12453603744507,-0.0711439102888107,-0.370294153690338,-0.0275691319257021,70
738533.39933595946058630943,55.5475006103516,-2.68492722511292,6.80082654953003,0.100239582359791,-0.000376105308532715,42.4731826782227,-71.3151702880859,115.880912780762,64.6912994384766,-2.86802554130554,0.337428092956543,115.965698242188,56.0266456604004,-3.09865975379944,-0.0656091272830963,-0.374443292617798,-0.0271022021770477,70
738533.39933829405345022678,55.5638999938965,-2.64403200149536,6.78905487060547,0.100239582359791,-0.000376105308532715,42.4731674194336,-71.3150329589844,115.280731201172,64.2011566162109,-2.86934781074524,0.398470342159271,116.040939331055,56.0395317077637,-3.06385374069214,-0.045776691287756,-0.37738224864006,-0.0265537537634373,70
738533.39934057847131043673,55.5661926269531,-2.61535906791687,6.77817344665527,0.100239582359791,-0.000376105308532715,42.4731559753418,-71.3148956298828,114.722465515137,63.7463645935059,-2.87107348442078,0.462280035018921,116.104537963867,56.0391426086426,-3.02749276161194,-0.01951171644032,-0.37901759147644,-0.0259885992854834,70
738533.39934279420413076878,55.5593032836914,-2.59353470802307,6.76865339279175,0.100239582359791,-0.000376105308532715,42.47314453125,-71.3147735595703,114.190475463867,63.3137702941895,-2.86690831184387,0.524889588356018,116.156295776367,56.030143737793,-2.99185419082642,0.00986788421869278,-0.379744023084641,-0.025402070954442,70
738533.39934507175348699093,55.5483245849609,-2.57621383666992,6.76064729690552,0.100239582359791,-0.000376105308532715,42.4731330871582,-71.3146362304688,113.638259887695,62.8653297424316,-2.86095309257507,0.589819431304932,116.198783874512,56.0174942016602,-2.95574140548706,0.0417711175978184,-0.37979382276535,-0.024742154404521,70
738533.39934735000133514404,55.5383567810059,-2.56353807449341,6.75546455383301,0.100239582359791,-0.000376105308532715,42.4731216430664,-71.3145065307617,113.087829589844,62.4187889099121,-2.84204792976379,0.655821859836578,116.22917175293,56.0064010620117,-2.92222857475281,0.0723903328180313,-0.379276514053345,-0.0240361262112856,70
738533.39934966724831610918,55.5290718078613,-2.54839539527893,6.75235509872437,0.100239582359791,-0.000376105308532715,42.4731101989746,-71.3143692016602,112.533042907715,61.9691886901855,-2.82356834411621,0.656612455844879,116.249008178711,55.9961280822754,-2.89172220230103,0.110757641494274,-0.378292351961136,-0.0232785455882549,70
738533.39935194014105945826,55.5204162597656,-2.53077101707458,6.74995994567871,0.100239582359791,-0.000376105308532715,42.4730987548828,-71.3142395019531,111.986885070801,61.5271606445312,-2.85486173629761,0.612361788749695,116.25993347168,55.986457824707,-2.86468529701233,0.1158751770854,-0.376877963542938,-0.0225003883242607,70
738533.39935417636297643185,55.5139389038086,-2.54052686691284,6.74717330932617,0.100239582359791,-0.000376105308532715,42.473087310791,-71.3141021728516,111.453636169434,61.0958099365234,-2.99200844764709,0.587063193321228,116.26416015625,55.9801406860352,-2.84087872505188,0.100184954702854,-0.375078171491623,-0.0217101983726025,70
738533.39935635623987764120,55.5089340209961,-2.57774686813354,6.74455738067627,0.100239582359791,-0.000376105308532715,42.4730758666992,-71.3139801025391,110.931922912598,60.6727409362793,-3.10758113861084,0.601316869258881,116.264190673828,55.9765625,-2.82254409790039,0.0799940824508667,-0.373315781354904,-0.020922614261508,70
738533.39935867709573358297,55.5047149658203,-2.62960815429688,6.7429461479187,0.100239582359791,-0.000376105308532715,42.4730644226074,-71.3138427734375,110.376983642578,60.2210083007812,-3.20809864997864,0.656188428401947,116.261772155762,55.9745979309082,-2.8117356300354,0.07626723498106,-0.372038513422012,-0.0200665704905987,70
738533.39936098200269043446,55.5017929077148,-2.69129395484924,6.74355840682983,0.100239582359791,-0.000376105308532715,42.4730529785156,-71.3137054443359,109.79557800293,59.7455406188965,-3.2977442741394,0.712542593479156,116.258316040039,55.9747047424316,-2.8117573261261,0.076509490609169,-0.371839433908463,-0.0191660206764936,70
738533.39936335105448961258,55.5005493164062,-2.75823354721069,6.74654340744019,0.100239582359791,-0.000376105308532715,42.4730415344238,-71.3135757446289,109.199813842773,59.2559471130371,-3.37902092933655,0.769068598747253,116.255271911621,55.9770927429199,-2.82379078865051,0.0773280262947083,-0.373157799243927,-0.0182372089475393,70
738533.39936567819677293301,55.500171661377,-2.82829523086548,6.75176668167114,0.100239582359791,-0.000376105308532715,42.473030090332,-71.3134384155273,108.586494445801,58.749454498291,-3.45579981803894,0.826215505599976,116.253707885742,55.980842590332,-2.8475399017334,0.0791350454092026,-0.376296013593674,-0.0172832477837801,70
738533.39936790440697222948,55.4964637756348,-2.89657616615295,6.75815057754517,0.100239582359791,-0.000376105308532715,42.4730186462402,-71.3133010864258,107.988288879395,58.2531318664551,-3.5262439250946,0.881706535816193,116.25407409668,55.9814262390137,-2.87983846664429,0.0841808393597603,-0.381163418292999,-0.0163704603910446,70
738533.39937013026792556047,55.4817924499512,-2.96329069137573,6.76446580886841,0.100239582359791,-0.000376105308532715,42.4730072021484,-71.3131713867188,107.387390136719,57.7524185180664,-3.60418605804443,0.932340502738953,116.255500793457,55.9711380004883,-2.91948413848877,0.0997732132673264,-0.387844532728195,-0.0154548157006502,70
738533.39937250502407550812,55.4501152038574,-3.04364967346191,6.77020978927612,0.100239582359791,-0.000376105308532715,42.4729957580566,-71.3130416870117,106.732635498047,57.2043495178223,-3.69952511787415,0.975556492805481,116.255149841309,55.9447479248047,-2.96899485588074,0.130457684397697,-0.397140920162201,-0.014462829567492,70
738533.39937484543770551682,55.4131622314453,-3.13242983818054,6.77696228027344,0.100239582359791,-0.000376105308532715,42.4729843139648,-71.3128967285156,106.05403137207,56.6334648132324,-3.78961253166199,1.01805782318115,116.248756408691,55.9138450622559,-3.0258674621582,0.16938304901123,-0.409064650535583,-0.0134679954499006,70
738533.39937714370898902416,55.3806915283203,-3.2216329574585,6.78575849533081,0.100239582359791,-0.000376105308532715,42.472972869873,-71.3127670288086,105.387710571289,56.0916709899902,-3.87591147422791,1.05703675746918,116.235107421875,55.8878021240234,-3.08642649650574,0.202843010425568,-0.423107773065567,-0.0125256618484855,70
738533.39937950309831649065,55.3517532348633,-3.31307816505432,6.79735898971558,0.100239582359791,-0.000376105308532715,42.4729614257812,-71.3126373291016,104.695098876953,55.7344703674316,-3.97821617126465,1.09531927108765,116.21452331543,55.8658866882324,-3.15373063087463,0.225594967603683,-0.440168619155884,-0.0115771917626262,70
738533.39938207168597728014,55.3255462646484,-3.42306995391846,6.8141770362854,0.100239582359791,-0.000376105308532715,42.4729461669922,-71.3124847412109,103.911399841309,55.3205337524414,-4.41461181640625,1.18792200088501,116.186157226562,55.8486061096191,-3.23391270637512,0.204348266124725,-0.46240958571434,-0.0105381030589342,70
738533.39938461419660598040,55.3060150146484,-3.67648458480835,6.83287334442139,0.100239582359791,-0.000376105308532715,42.4729347229004,-71.3123397827148,103.07160949707,54.8565940856934,-4.94398212432861,1.29196333885193,116.154441833496,55.8476524353027,-3.3251314163208,0.203927636146545,-0.489617645740509,-0.00949719734489918,70
738533.39938725775573402643,55.2975311279297,-3.96849751472473,6.85655403137207,0.100239582359791,-0.000376105308532715,42.4729194641113,-71.3121795654297,102.147476196289,54.3176231384277,-5.31074714660645,1.38036489486694,116.124710083008,55.8621368408203,-3.44437170028687,0.247685879468918,-0.525159478187561,-0.00846118107438087,70
738533.39938969537615776062,55.2970657348633,-4.25083589553833,6.88248682022095,0.100239582359791,-0.000376105308532715,42.4729080200195,-71.3120346069336,101.207328796387,53.7428932189941,-5.45076131820679,1.42746686935425,116.105392456055,55.8856315612793,-3.58885192871094,0.327050715684891,-0.568107545375824,-0.00751714548096061,70
738533.39939225732814520597,55.3017082214355,-4.4664511680603,6.91416597366333,0.100239582359791,-0.000376105308532715,42.4728927612305,-71.3118896484375,100.206977844238,53.110050201416,-5.38115501403809,1.43888425827026,116.099403381348,55.910945892334,-3.76389932632446,0.375200420618057,-0.621164619922638,-0.00659950077533722,70
738533.39939474000129848719,55.3087844848633,-4.62935447692871,6.95009994506836,0.100239582359791,-0.000376105308532715,42.4728813171387,-71.3117446899414,99.1612854003906,52.4341506958008,-5.31343269348145,1.44346272945404,116.108131408691,55.9356460571289,-3.95711517333984,0.367760747671127,-0.68369847536087,-0.00571932224556804,70
738533.39939710672479122877,55.3204498291016,-4.72457075119019,6.98736715316772,0.100239582359791,-0.000376105308532715,42.4728698730469,-71.3116073608398,98.1526565551758,51.773078918457,-5.23262739181519,1.44872307777405,116.128112792969,55.9597778320312,-4.1404447555542,0.343275815248489,-0.749601066112518,-0.00494595244526863,70
738533.39939959102775901556,55.3359718322754,-4.80938911437988,7.02841281890869,0.100239582359791,-0.000376105308532715,42.4728546142578,-71.3114547729492,97.0614471435547,51.051399230957,-5.08292484283447,1.43585920333862,116.159812927246,55.9874877929688,-4.32548522949219,0.319282114505768,-0.825677335262299,-0.0041743372566998,70
738533.39940190757624804974,55.3543548583984,-4.80131101608276,7.06869316101074,0.100239582359791,-0.000376105308532715,42.472843170166,-71.3113250732422,96.0576553344727,50.3851852416992,-4.86729621887207,1.41140687465668,116.196174621582,56.0100288391113,-4.47753047943115,0.299491256475449,-0.89956396818161,-0.00353361223824322,70
738533.39940425998065620661,55.3706665039062,-4.77200031280518,7.10932350158691,0.100239582359791,-0.000376105308532715,42.4728317260742,-71.3111877441406,95.0434341430664,49.7138023376465,-4.76296997070312,1.38656389713287,116.238204956055,56.0287895202637,-4.6070408821106,0.259376525878906,-0.97714239358902,-0.00294632208533585,70
738533.39940658654086291790,55.3851852416992,-4.72788906097412,7.14885187149048,0.100239582359791,-0.000376105308532715,42.4728164672852,-71.3110504150391,94.0460205078125,49.0561485290527,-4.67473316192627,1.36279284954071,116.282424926758,56.0444297790527,-4.7064037322998,0.228063583374023,-1.05534482002258,-0.00243494287133217,70
738533.39940893941093236208,55.4003028869629,-4.65054607391357,7.1886157989502,0.100239582359791,-0.000376105308532715,42.4728050231934,-71.3109130859375,93.0570831298828,48.4084739685059,-4.75951766967773,1.33630502223969,116.327354431152,56.0579833984375,-4.7766752243042,0.193063005805016,-1.1343367099762,-0.00199586385861039,70
738533.39941127970814704895,55.415153503418,-4.69333553314209,7.2244348526001,0.100239582359791,-0.000376105308532715,42.4727935791016,-71.3107757568359,92.0681381225586,47.7625541687012,-5.11136817932129,1.31280124187469,116.371917724609,56.0808258056641,-4.819580078125,0.144533798098564,-1.21364164352417,-0.00163466832600534,70
738533.39941355178598314524,55.4294853210449,-4.7741847038269,7.25745534896851,0.100239582359791,-0.000376105308532715,42.4727783203125,-71.3106460571289,91.0805206298828,47.112174987793,-5.12540912628174,1.30489635467529,116.415969848633,56.106071472168,-4.84939050674438,0.163356021046638,-1.29314565658569,-0.00136498222127557,70
738533.39941572747193276882,55.4458923339844,-4.79770183563232,7.29013681411743,0.100239582359791,-0.000376105308532715,42.4727668762207,-71.3105163574219,90.1425704956055,46.4915428161621,-5.00132513046265,1.29650902748108,116.45866394043,56.1285209655762,-4.87651872634888,0.189035519957542,-1.37058651447296,-0.0011875219643116,70
738533.39941804728005081415,55.462516784668,-4.79013681411743,7.3257851600647,0.100239582359791,-0.000376105308532715,42.4727554321289,-71.3103790283203,89.1360626220703,45.8250465393066,-4.79237699508667,1.27757215499878,116.506134033203,56.1489410400391,-4.90501594543457,0.203517988324165,-1.45616793632507,-0.00108058750629425,70
738533.39942033041734248400,55.4766387939453,-4.72608995437622,7.36129665374756,0.100239582359791,-0.000376105308532715,42.4727439880371,-71.3102493286133,88.1655578613281,45.1852607727051,-4.62130832672119,1.25701296329498,116.552871704102,56.1621055603027,-4.92779922485352,0.196101397275925,-1.54117226600647,-0.00105837197043002,70
738533.39942257723305374384,55.4876022338867,-4.65018224716187,7.39589691162109,0.100239582359791,-0.000376105308532715,42.472728729248,-71.3101196289062,87.2118682861328,44.5614051818848,-4.5067834854126,1.23516547679901,116.598281860352,56.1711463928223,-4.93928194046021,0.177766844630241,-1.62642312049866,-0.00111973728053272,70
738533.39942482544574886560,55.4962615966797,-4.55844163894653,7.42948198318481,0.100239582359791,-0.000376105308532715,42.4727172851562,-71.3099899291992,86.2784271240234,43.9565048217773,-4.4298210144043,1.20713841915131,116.640838623047,56.1766090393066,-4.93617105484009,0.163398623466492,-1.71092593669891,-0.00126406329218298,70
738533.39942695852369070053,55.5025787353516,-4.49512386322021,7.46024560928345,0.100239582359791,-0.000376105308532715,42.4727058410645,-71.3098602294922,85.384147644043,43.3827095031738,-4.47701454162598,1.17366516590118,116.679077148438,56.1818237304688,-4.91764402389526,0.141749128699303,-1.79236769676208,-0.00148905266541988,70
738533.39942927367519587278,55.5080413818359,-4.44733285903931,7.49158191680908,0.100239582359791,-0.000376105308532715,42.4726905822754,-71.3097229003906,84.4173431396484,42.7658500671387,-4.4384651184082,1.13559901714325,116.716354370117,56.1875877380371,-4.88492488861084,0.140640512108803,-1.88039720058441,-0.00182297371793538,70
738533.39943151210900396109,55.5111122131348,-4.39691209793091,7.51953744888306,0.100239582359791,-0.000376105308532715,42.4726791381836,-71.3095932006836,83.5239944458008,42.199104309082,-4.3111310005188,1.10245275497437,116.747421264648,56.1903877258301,-4.84755849838257,0.144239202141762,-1.96220374107361,-0.00222137407399714,70
738533.39943374611902981997,55.5124969482422,-4.31070613861084,7.54714488983154,0.100239582359791,-0.000376105308532715,42.4726676940918,-71.309455871582,82.6347732543945,41.6402549743652,-4.2160587310791,1.06041514873505,116.775161743164,56.188777923584,-4.8045973777771,0.142379119992256,-2.04454803466797,-0.00270982412621379,70
738533.39943599747493863106,55.5123176574707,-4.2422981262207,7.57093572616577,0.100239582359791,-0.000376105308532715,42.4726524353027,-71.309326171875,81.7633285522461,41.0984191894531,-4.24555778503418,0.891285717487335,116.798675537109,56.186595916748,-4.75518178939819,0.143590152263641,-2.12576365470886,-0.00328621780499816,70
738533.39943824021611362696,55.5115966796875,-4.20929384231567,7.58899927139282,0.100239582359791,-0.000376105308532715,42.4726409912109,-71.309196472168,80.9050064086914,40.2861671447754,-4.26484298706055,0.706207752227783,116.818138122559,56.1858406066895,-4.70138502120972,0.103426113724709,-2.2057785987854,-0.00393997970968485,70
738533.39944049401674419641,55.5090942382812,-4.20137929916382,7.60300636291504,0.100239582359791,-0.000376105308532715,42.4726295471191,-71.3090667724609,80.0518341064453,39.353141784668,-4.15676403045654,0.754462480545044,116.833961486816,56.1846656799316,-4.64781284332275,0.0792740657925606,-2.28552174568176,-0.00467157224193215,70
738533.39944285037927329540,55.5033378601074,-4.11151218414307,7.61881875991821,0.100239582359791,-0.000376105308532715,42.4726142883301,-71.3089294433594,79.1584625244141,38.384822845459,-3.83735084533691,0.741150498390198,116.846809387207,56.1744728088379,-4.59496593475342,0.0942001938819885,-2.37029266357422,-0.00553262932226062,70
738533.39944517251569777727,55.4935417175293,-3.97059011459351,7.63379764556885,0.100239582359791,-0.000376105308532715,42.4726028442383,-71.3087921142578,78.3225631713867,37.4887237548828,-3.71264100074768,0.715518414974213,116.854179382324,56.1566886901855,-4.54184293746948,0.0782337859272957,-2.44054245948792,-0.00644107861444354,70
738533.39944755600299686193,55.4797286987305,-3.89623785018921,7.64700317382812,0.100239582359791,-0.000376105308532715,42.4725875854492,-71.3086547851562,77.447509765625,36.5846138000488,-3.84585905075073,0.678723692893982,116.855361938477,56.1396255493164,-4.47391796112061,0.0387770310044289,-2.47544956207275,-0.00750395702198148,70
738533.39944990421645343304,55.4666290283203,-3.86484479904175,7.65721559524536,0.100239582359791,-0.000376105308532715,42.4725723266602,-71.3085174560547,76.6224517822266,35.7260551452637,-3.88915514945984,0.640205681324005,116.850593566895,56.125904083252,-4.40419483184814,0.0346080884337425,-2.48940777778625,-0.00857945997267962,70
738533.39945227093994617462,55.4539108276367,-3.84945225715637,7.6657543182373,0.100239582359791,-0.000376105308532715,42.4725608825684,-71.3083801269531,75.810546875,34.8878211975098,-3.92695689201355,0.601969242095947,116.841461181641,56.1134414672852,-4.33754062652588,0.0346391946077347,-2.49538683891296,-0.00970714446157217,70
738533.39945451810490339994,55.441951751709,-3.84967231750488,7.67293310165405,0.100239582359791,-0.000376105308532715,42.4725456237793,-71.3082427978516,75.000862121582,34.0237770080566,-3.98967432975769,0.563763856887817,116.829231262207,56.1026191711426,-4.27769470214844,0.0318078063428402,-2.49799084663391,-0.0108991339802742,70
738533.39945676666684448719,55.4313545227051,-3.86273407936096,7.67865180969238,0.100239582359791,-0.000376105308532715,42.4725341796875,-71.3081130981445,74.2166213989258,33.1380767822266,-4.03345012664795,0.526908576488495,116.815628051758,56.0938262939453,-4.22922706604004,0.0312942378222942,-2.49909853935242,-0.0121047981083393,70
738533.39945903932675719261,55.421272277832,-3.88252568244934,7.68343830108643,0.100239582359791,-0.000376105308532715,42.4725189208984,-71.3079833984375,73.4085006713867,32.2561645507812,-4.05194044113159,0.493182092905045,116.800827026367,56.0858840942383,-4.19063568115234,0.0309286415576935,-2.49960398674011,-0.0133963255211711,70
738533.39946125284768640995,55.4118499755859,-3.90348410606384,7.68721055984497,0.100239582359791,-0.000376105308532715,42.4725074768066,-71.3078536987305,72.6157760620117,31.3775577545166,-4.04712867736816,0.466182202100754,116.786346435547,56.0785484313965,-4.16395616531372,0.0289233718067408,-2.49982237815857,-0.0147040719166398,70
738533.39946356287691742182,55.4014053344727,-3.9198694229126,7.69010257720947,0.100239582359791,-0.000376105308532715,42.4724960327148,-71.3077239990234,71.8168258666992,30.4912986755371,-3.92057371139526,0.44800877571106,116.772285461426,56.069766998291,-4.14720344543457,0.0360100083053112,-2.49992108345032,-0.0160626545548439,70
738533.39946578745730221272,55.3877410888672,-3.87931942939758,7.69262933731079,0.100239582359791,-0.000376105308532715,42.4724807739258,-71.3075866699219,71.0072555541992,29.601692199707,-3.61452698707581,0.43083593249321,116.758239746094,56.0537910461426,-4.13780689239502,0.0489930622279644,-2.49996495246887,-0.0174814350903034,70
738533.39946809224784374237,55.3690795898438,-3.76682448387146,7.69466733932495,0.100239582359791,-0.000376105308532715,42.472469329834,-71.3074569702148,70.2035827636719,28.6941242218018,-3.33856797218323,0.413593620061874,116.742462158203,56.0279541015625,-4.12750005722046,0.0416921153664589,-2.49998450279236,-0.0189652349799871,70
738533.39947047526948153973,55.343635559082,-3.62371468544006,7.69528150558472,0.100239582359791,-0.000376105308532715,42.4724540710449,-71.3073196411133,69.410530090332,27.817699432373,-3.07372069358826,0.396734893321991,116.722137451172,55.9934501647949,-4.10487461090088,0.0263702571392059,-2.49999284744263,-0.0205167457461357,70
738533.39947285200469195843,55.3103446960449,-3.43050646781921,7.69423818588257,0.100239582359791,-0.000376105308532715,42.4724388122559,-71.3071746826172,68.6336135864258,26.945384979248,-2.77204728126526,0.37791895866394,116.694137573242,55.9482231140137,-4.06122541427612,0.0173936691135168,-2.49999690055847,-0.0221371296793222,70
738533.39947518077678978443,55.2722434997559,-3.23618841171265,7.69023323059082,0.100239582359791,-0.000376105308532715,42.4724273681641,-71.3070449829102,67.9306488037109,26.1456165313721,-2.65212965011597,0.281174182891846,116.658340454102,55.8984222412109,-3.99443459510803,0.015380909666419,-2.49999809265137,-0.0237206425517797,70
738533.39947742200456559658,55.2297401428223,-3.0704972743988,7.68194627761841,0.100239582359791,-0.000376105308532715,42.472412109375,-71.3069076538086,67.2591705322266,25.4054107666016,-2.56675386428833,0.172035694122314,116.61247253418,55.8458976745605,-3.90256929397583,-0.0300392042845488,-2.49999928474426,-0.0253424178808928,70
738533.39947963471058756113,55.1860885620117,-2.93607878684998,7.67005109786987,0.100239582359791,-0.000376105308532715,42.4724006652832,-71.3067855834961,66.6487426757812,24.6991519927979,-2.49348521232605,0.127222582697868,116.559700012207,55.7938575744629,-3.79766535758972,-0.0465643815696239,-2.49999976158142,-0.0269062593579292,70
738533.39948185824323445559,55.1392250061035,-2.82015252113342,7.65593671798706,0.100239582359791,-0.000376105308532715,42.4723892211914,-71.3066558837891,66.0613021850586,24.0275764465332,-2.38605666160583,0.0924179181456566,116.498313903809,55.7395820617676,-3.68161106109619,-0.0561106279492378,-2.49999976158142,-0.0284983068704605,70
738533.39948424743488430977,55.085620880127,-2.68526411056519,7.63909149169922,0.100239582359791,-0.000376105308532715,42.4723739624023,-71.3065185546875,65.4645690917969,23.3323287963867,-2.20191478729248,0.0720854848623276,116.424362182617,55.6775703430176,-3.55270171165466,-0.0534540377557278,-2.50000023841858,-0.0302031543105841,70
738533.39948656340129673481,55.0279579162598,-2.53126764297485,7.62074518203735,0.100239582359791,-0.000376105308532715,42.4723625183105,-71.3063812255859,64.8942718505859,22.6879940032959,-2.02251648902893,0.0468725636601448,116.341087341309,55.610782623291,-3.41974353790283,-0.0542356967926025,-2.5,-0.0319293700158596,70
738533.39948898146394640207,54.9649620056152,-2.37999868392944,7.60003519058228,0.100239582359791,-0.000376105308532715,42.4723472595215,-71.3062438964844,64.3384094238281,22.0253620147705,-1.92776823043823,0.00585144804790616,116.24584197998,55.5389213562012,-3.27833938598633,-0.0692364946007729,-2.5,-0.0337240807712078,70
738533.39949140336830168962,54.9002571105957,-2.25036311149597,7.57753801345825,0.100239582359791,-0.000376105308532715,42.4723320007324,-71.3061065673828,63.8161239624023,21.4189052581787,-1.87739825248718,-0.0268961414694786,116.142845153809,55.4664001464844,-3.13545441627502,-0.0860228165984154,-2.5,-0.0354983992874622,70
738533.39949377451557666063,54.8334121704102,-2.14797377586365,7.55315256118774,0.100239582359791,-0.000376105308532715,42.4723205566406,-71.3059616088867,63.3128204345703,20.8144283294678,-1.82985770702362,-0.053748395293951,116.03125,55.3928413391113,-2.99206733703613,-0.0952467247843742,-2.50000047683716,-0.0372880548238754,70
738533.39949600072577595711,54.7705039978027,-2.0668466091156,7.52946615219116,0.100239582359791,-0.000376105308532715,42.4723052978516,-71.3058319091797,62.8670654296875,20.3059062957764,-1.77097451686859,-0.0747927501797676,115.923057556152,55.3242530822754,-2.86505150794983,-0.0994079560041428,-2.50000047683716,-0.0389164872467518,70
738533.39949830959085375071,54.7044372558594,-1.98902463912964,7.50413179397583,0.100239582359791,-0.000376105308532715,42.4722938537598,-71.3057022094727,62.4264640808105,19.7687149047852,-1.69050014019012,-0.0916576161980629,115.80712890625,55.2525444030762,-2.74194049835205,-0.100710071623325,-2.5,-0.040573101490736,70
738533.39950058155227452517,54.6356887817383,-1.90865409374237,7.47759103775024,0.100239582359791,-0.000376105308532715,42.4722785949707,-71.3055725097656,61.9992218017578,19.2777614593506,-1.56385064125061,-0.107717119157314,115.686050415039,55.1780395507812,-2.62646627426147,-0.0985368713736534,-2.5,-0.04222047701478,70
738533.39950290054548531771,54.563549041748,-1.81447374820709,7.44979190826416,0.100239582359791,-0.000376105308532715,42.4722671508789,-71.3054428100586,61.5876197814941,18.8555278778076,-1.43049013614655,-0.123909324407578,115.559791564941,55.0996627807617,-2.51766037940979,-0.100075341761112,-2.5,-0.0438641533255577,70
738533.39950520568527281284,54.4868812561035,-1.70883047580719,7.42035102844238,0.100239582359791,-0.000376105308532715,42.4722557067871,-71.305305480957,61.1901397705078,18.4329357147217,-1.2708785533905,-0.139443084597588,115.426849365234,55.0163803100586,-2.41221570968628,-0.10203105956316,-2.5,-0.0455073304474354,70
738533.39950748707633465528,54.4091110229492,-1.5959484577179,7.39065837860107,0.100239582359791,-0.000376105308532715,42.472240447998,-71.30517578125,60.8274230957031,18.0762939453125,-1.12884509563446,-0.154394760727882,115.293403625488,54.9319610595703,-2.31224131584167,-0.107554882764816,-2.50000047683716,-0.0470657199621201,70
738533.39950974576640874147,54.3280487060547,-1.48045146465302,7.35978317260742,0.100239582359791,-0.000376105308532715,42.4722290039062,-71.305046081543,60.4872665405273,17.6924018859863,-0.997404813766479,-0.169396966695786,115.154655456543,54.8442802429199,-2.21172213554382,-0.114106684923172,-2.5,-0.0485924109816551,70
738533.39951206091791391373,54.2429237365723,-1.36281383037567,7.32734870910645,0.100239582359791,-0.000376105308532715,42.4722175598145,-71.3049163818359,60.1663208007812,17.3642063140869,-0.874580860137939,-0.184869036078453,115.008583068848,54.7525520324707,-2.10807776451111,-0.119852282106876,-2.50000023841858,-0.0501030050218105,70
738533.39951445546466857195,54.1515960693359,-1.24056482315063,7.29238271713257,0.100239582359791,-0.000376105308532715,42.4722023010254,-71.3047790527344,59.8563842773438,17.0400447845459,-0.825471460819244,-0.202652126550674,114.849571228027,54.6544914245605,-1.99705564975739,-0.131657123565674,-2.5,-0.0516462400555611,70
738533.39951695478521287441,54.0559921264648,-1.15684533119202,7.25478458404541,0.100239582359791,-0.000376105308532715,42.4721908569336,-71.3046340942383,59.5524024963379,16.7116928100586,-0.908520877361298,-0.222897544503212,114.675247192383,54.5529136657715,-1.87788271903992,-0.149761825799942,-2.5,-0.0532209202647209,70
738533.39951921207830309868,53.9721794128418,-1.13771498203278,7.220130443573,0.100239582359791,-0.000376105308532715,42.4721755981445,-71.3045043945312,59.2847900390625,16.4278583526611,-1.0545539855957,-0.242797419428825,114.512252807617,54.4648590087891,-1.77297246456146,-0.158955201506615,-2.5,-0.0545980930328369,70
738533.39952159964013844728,53.8889045715332,-1.16147482395172,7.18380880355835,0.100239582359791,-0.000376105308532715,42.4721641540527,-71.3043670654297,59.0041007995605,16.1618614196777,-1.17755925655365,-0.263505011796951,114.339332580566,54.3780288696289,-1.67549180984497,-0.154906287789345,-2.5,-0.0559849329292774,70
738533.39952386112418025732,53.8120307922363,-1.20801770687103,7.14866542816162,0.100239582359791,-0.000376105308532715,42.4721527099609,-71.3042373657227,58.7258071899414,15.8497190475464,-1.28054201602936,-0.283459186553955,114.172325134277,54.298225402832,-1.60016632080078,-0.148509293794632,-2.49999952316284,-0.0572647713124752,70
738533.39952603762503713369,53.7433700561523,-1.26325964927673,7.11579036712646,0.100239582359791,-0.000376105308532715,42.4721412658691,-71.3041152954102,58.4558181762695,15.7170972824097,-1.4035542011261,-0.302235335111618,114.01749420166,54.2271156311035,-1.54938185214996,-0.147817924618721,-2.50000023841858,-0.0584122687578201,70
738533.39952834974974393845,53.6749458312988,-1.34574675559998,7.0810980796814,0.100239582359791,-0.000376105308532715,42.4721260070801,-71.3039855957031,58.1560935974121,15.5422382354736,-1.54539382457733,-0.321765691041946,113.855827331543,54.1567420959473,-1.51715886592865,-0.14780567586422,-2.50000047683716,-0.0595805570483208,70
738533.39953059446997940540,53.6117515563965,-1.43778455257416,7.04701375961304,0.100239582359791,-0.000376105308532715,42.4721145629883,-71.3038635253906,57.8438148498535,15.3647241592407,-1.67416930198669,-0.340884864330292,113.700714111328,54.0920295715332,-1.50739371776581,-0.146203279495239,-2.49999952316284,-0.0606676787137985,70
738533.39953286468517035246,53.5523986816406,-1.53392279148102,7.01280117034912,0.100239582359791,-0.000376105308532715,42.4721031188965,-71.3037338256836,57.5115051269531,15.1712055206299,-1.8196724653244,-0.364042699337006,113.549964904785,54.0313949584961,-1.51848793029785,-0.145594909787178,-2.49999952316284,-0.0616990514099598,70
738533.39953505375888198614,53.5003700256348,-1.64502215385437,6.97983980178833,0.100239582359791,-0.000376105308532715,42.4720916748047,-71.3036117553711,57.1711387634277,14.9459257125854,-2.07817053794861,-0.401027709245682,113.40991973877,53.9788284301758,-1.54697692394257,-0.156907916069031,-2.49999952316284,-0.0626349896192551,70
738533.39953727554529905319,53.4528732299805,-1.79758775234222,6.94625234603882,0.100239582359791,-0.000376105308532715,42.4720802307129,-71.3034820556641,56.7996597290039,14.7123985290527,-2.33514356613159,-0.439256548881531,113.274536132812,53.9322853088379,-1.59332180023193,-0.162684872746468,-2.49999976158142,-0.0635142475366592,70
738533.39953964354936033487,53.4077033996582,-1.97142934799194,6.91076278686523,0.100239582359791,-0.000376105308532715,42.4720687866211,-71.303352355957,56.376766204834,14.4213972091675,-2.52835536003113,-0.46713250875473,113.140777587891,53.8890342712402,-1.66262149810791,-0.158237218856812,-2.49999976158142,-0.0643611922860146,70
738533.39954195346217602491,53.3677215576172,-2.14238142967224,6.87526226043701,0.100239582359791,-0.000376105308532715,42.4720573425293,-71.30322265625,55.9189987182617,14.1098165512085,-2.71819019317627,-0.492828071117401,113.016372680664,53.8513946533203,-1.75288200378418,-0.155680030584335,-2.50000023841858,-0.0651373639702797,70
738533.39954426547046750784,53.3332748413086,-2.31982254981995,6.84031438827515,0.100239582359791,-0.000376105308532715,42.4720420837402,-71.303092956543,55.4317855834961,13.7526454925537,-2.91499757766724,-0.517940998077393,112.903312683105,53.8201599121094,-1.86023819446564,-0.157561361789703,-2.50000047683716,-0.065825991332531,70
738533.39954665058758109808,53.3030738830566,-2.50164198875427,6.80470657348633,0.100239582359791,-0.000376105308532715,42.4720306396484,-71.3029556274414,54.8969230651855,13.3534135818481,-3.05700159072876,-0.537458956241608,112.798370361328,53.7938652038574,-1.98639810085297,-0.155724540352821,-2.50000047683716,-0.0664442777633667,70
738533.39954894850961863995,53.277660369873,-2.67850518226624,6.76764726638794,0.100239582359791,-0.000376105308532715,42.4720191955566,-71.3028259277344,54.3285865783691,12.9153108596802,-3.06011343002319,-0.684051692485809,112.705001831055,53.7725257873535,-2.12542867660522,-0.116308681666851,-2.5,-0.06697166711092,70
738533.39955144375562667847,53.2561225891113,-2.80219793319702,6.72589492797852,0.100239582359791,-0.000376105308532715,42.4720077514648,-71.3026962280273,53.7132873535156,12.4489526748657,-2.99384212493896,-0.841713130474091,112.620056152344,53.7522506713867,-2.27817463874817,-0.137219354510307,-2.5,-0.0674221962690353,70
738533.39955397322773933411,53.2343406677246,-2.88271379470825,6.67621326446533,0.100239582359791,-0.000376105308532715,42.471996307373,-71.3025512695312,53.0362091064453,11.8789863586426,-2.92014765739441,-0.948977172374725,112.540954589844,53.7287330627441,-2.44099974632263,-0.171010255813599,-2.5,-0.0677904337644577,70
738533.39955638663377612829,53.2142372131348,-2.92877149581909,6.6256103515625,0.100239582359791,-0.000376105308532715,42.471981048584,-71.3024139404297,52.3817367553711,11.3349628448486,-2.88597297668457,-1.02314054965973,112.474632263184,53.7050399780273,-2.58509874343872,-0.216661766171455,-2.5,-0.0680224448442459,70
738533.39955888816621154547,53.193904876709,-2.95986771583557,6.57182836532593,0.100239582359791,-0.000376105308532715,42.4719696044922,-71.3022766113281,51.7086410522461,10.7471799850464,-2.8449854850769,-1.0553867816925,112.413146972656,53.679988861084,-2.7150993347168,-0.26770743727684,-2.5,-0.0681334659457207,70
738533.39956125838216394186,53.1733093261719,-2.96809101104736,6.51769495010376,0.100239582359791,-0.000376105308532715,42.4719581604004,-71.3021392822266,51.0565948486328,10.1768550872803,-2.73178887367249,-1.05962872505188,112.35782623291,53.653434753418,-2.82160830497742,-0.275977253913879,-2.5,-0.0681128054857254,70
738533.39956357365008443594,53.1504707336426,-2.93113613128662,6.46261072158813,0.100239582359791,-0.000376105308532715,42.4719467163086,-71.3020095825195,50.4162940979004,9.63895416259766,-2.55814599990845,-1.05608797073364,112.304885864258,53.6221008300781,-2.90714454650879,-0.270497709512711,-2.5,-0.0679621696472168,70
738533.39956572814844548702,53.1273384094238,-2.86606812477112,6.4106650352478,0.100239582359791,-0.000376105308532715,42.4719352722168,-71.301887512207,49.8326225280762,9.13407230377197,-2.41400671005249,-1.04393184185028,112.255485534668,53.589412689209,-2.96608877182007,-0.263287007808685,-2.50000023841858,-0.0677021071314812,70
738533.39956805622205138206,53.101749420166,-2.78152322769165,6.35566425323486,0.100239582359791,-0.000376105308532715,42.471923828125,-71.3017578125,49.2421035766602,8.65020179748535,-2.27993035316467,-1.03210747241974,112.202171325684,53.5530319213867,-3.00429034233093,-0.221978217363358,-2.49999976158142,-0.0672971233725548,70
738533.39957027253694832325,53.0742721557617,-2.68555092811584,6.29971885681152,0.100239582359791,-0.000376105308532715,42.4719161987305,-71.3016357421875,48.6674652099609,8.15872955322266,-2.15437293052673,-1.02105045318604,112.145790100098,53.5142707824707,-3.01867651939392,-0.149653688073158,-2.50000047683716,-0.066743478178978,70
738533.39957254845649003983,53.0451736450195,-2.58555102348328,6.24551296234131,0.100239582359791,-0.000376105308532715,42.4719047546387,-71.3015060424805,48.115478515625,7.69718837738037,-2.03081583976746,-1.0012274980545,112.086372375488,53.4741249084473,-3.01034212112427,-0.110036194324493,-2.5,-0.0660451650619507,70
738533.39957474172115325928,53.0140838623047,-2.47492647171021,6.19244813919067,0.100239582359791,-0.000376105308532715,42.4718933105469,-71.301383972168,47.5824508666992,7.2615442276001,-1.80377471446991,-0.99202835559845,112.023315429688,53.4318695068359,-2.98202633857727,-0.0760565623641014,-2.50000047683716,-0.0651901513338089,70
738533.39957698713988065720,52.9805641174316,-2.32647109031677,6.14037609100342,0.100239582359791,-0.000376105308532715,42.4718818664551,-71.3012619018555,47.082691192627,6.84137916564941,-1.57593154907227,-1.00592875480652,111.957229614258,53.3859214782715,-2.93590259552002,-0.0765103399753571,-2.50000047683716,-0.0641905963420868,70
738533.39957918412983417511,52.9447212219238,-2.16627097129822,6.08918046951294,0.100239582359791,-0.000376105308532715,42.4718742370605,-71.301139831543,46.6230049133301,6.46062088012695,-1.37134540081024,-1.01647818088531,111.888359069824,53.3377380371094,-2.87245798110962,-0.0950548052787781,-2.50000047683716,-0.0630592554807663,70
738533.39958134980406612158,52.9061737060547,-2.00090074539185,6.03816604614258,0.100239582359791,-0.000376105308532715,42.4718627929688,-71.3010177612305,46.1955718994141,6.14030742645264,-1.17855048179626,-1.00191259384155,111.815200805664,53.2872047424316,-2.7910144329071,-0.120480582118034,-2.50000047683716,-0.061770360916853,70
738533.39958355063572525978,52.8640937805176,-1.83399665355682,5.98750066757202,0.100239582359791,-0.000376105308532715,42.471851348877,-71.300895690918,45.7953796386719,5.79316997528076,-0.952036559581757,-0.947177946567535,111.736450195312,53.2336921691895,-2.6915922164917,-0.146765828132629,-2.50000047683716,-0.0603115148842335,70
738533.39958577463403344154,52.8170700073242,-1.64032292366028,5.93684864044189,0.100239582359791,-0.000376105308532715,42.4718437194824,-71.3007736206055,45.4229164123535,5.48722743988037,-0.696908473968506,-0.884966790676117,111.651084899902,53.174991607666,-2.57477116584778,-0.144191011786461,-2.50000023841858,-0.0586643293499947,70
738533.39958810363896191120,52.7648086547852,-1.44673418998718,5.88636112213135,0.100239582359791,-0.000376105308532715,42.4718322753906,-71.3006439208984,45.0820617675781,5.20425891876221,-0.519874811172485,-0.889328479766846,111.558113098145,53.1118354797363,-2.43982887268066,-0.161457359790802,-2.50000023841858,-0.0568083636462688,70
738533.39959033497143536806,52.7089653015137,-1.255255818367,5.83824348449707,0.100239582359791,-0.000376105308532715,42.4718246459961,-71.3005142211914,44.7785949707031,4.9819917678833,-0.323692560195923,-0.711704254150391,111.459335327148,53.0461692810059,-2.29159808158875,-0.207023426890373,-2.50000023841858,-0.0547771789133549,70
738533.39959260320756584406,52.6493072509766,-1.07748854160309,5.79775190353394,0.100239582359791,-0.000376105308532715,42.4718132019043,-71.3003921508789,44.5152130126953,4.79441928863525,-0.176641121506691,-0.344948887825012,111.356185913086,52.9785270690918,-2.13496136665344,-0.206095099449158,-2.50000023841858,-0.0525997243821621,70
738533.39959481451660394669,52.5850944519043,-0.906025171279907,5.76781749725342,0.100239582359791,-0.000376105308532715,42.4718017578125,-71.3002700805664,44.2885475158691,4.62516641616821,0.00927279703319073,-0.0631898641586304,111.249114990234,52.9082298278809,-1.97376883029938,-0.164185777306557,-2.49999976158142,-0.0502876527607441,70
738533.39959703956265002489,52.513858795166,-0.732035756111145,5.74766731262207,0.100239582359791,-0.000376105308532715,42.471794128418,-71.3001480102539,44.0902404785156,4.4830961227417,0.190618172287941,0.288361966609955,111.13321685791,52.8325347900391,-1.80375254154205,-0.123588107526302,-2.5,-0.0477461852133274,70
738533.39959925541188567877,52.4358901977539,-0.549853444099426,5.73462343215942,0.100239582359791,-0.000376105308532715,42.4717826843262,-71.3000183105469,43.923900604248,4.44824075698853,0.404033988714218,0.313226729631424,111.005760192871,52.7514038085938,-1.62905621528625,-0.058801956474781,-2.5,-0.0450096949934959,70
738533.39960139826871454716,52.3595352172852,-0.383733570575714,5.72349548339844,0.100239582359791,-0.000376105308532715,42.4717750549316,-71.2999038696289,43.8032035827637,4.40382289886475,0.502055048942566,0.300891071557999,110.878326416016,52.6728248596191,-1.46689128875732,-0.0454406440258026,-2.50000023841858,-0.0423753038048744,70
738533.39960362575948238373,52.2803649902344,-0.24840672314167,5.71333694458008,0.100239582359791,-0.000376105308532715,42.4717636108398,-71.2997741699219,43.708740234375,4.37369585037231,0.252894043922424,0.396856218576431,110.734352111816,52.592212677002,-1.2947154045105,-0.0876425206661224,-2.5,-0.039484903216362,70
738533.39960588002577424049,52.2078628540039,-0.237122356891632,5.70865106582642,0.100239582359791,-0.000376105308532715,42.4717559814453,-71.2996520996094,43.624584197998,4.3540620803833,0.0446552708745003,0.741235435009003,110.583915710449,52.5195732116699,-1.12806808948517,-0.0991182550787926,-2.50000023841858,-0.0364989526569843,70
738533.39960818784311413765,52.1356468200684,-0.265131443738937,5.71389532089233,0.100239582359791,-0.000376105308532715,42.4717445373535,-71.2995300292969,43.5355415344238,4.34801483154297,-0.122965529561043,1.11783981323242,110.424301147461,52.4484977722168,-0.974391758441925,-0.0414503216743469,-2.5,-0.0332893282175064,70
738533.39961050264537334442,52.0658378601074,-0.324239730834961,5.7309684753418,0.100239582359791,-0.000376105308532715,42.471736907959,-71.2994003295898,43.4366264343262,4.3323802947998,-0.31501179933548,1.47535085678101,110.263954162598,52.3813018798828,-0.848837971687317,0.0204175915569067,-2.50000047683716,-0.0299778282642365,70
738533.39961285947356373072,51.9986000061035,-0.490677714347839,5.77688026428223,0.100239582359791,-0.000376105308532715,42.4717254638672,-71.2992706298828,43.3131828308105,4.27912139892578,-0.536812782287598,3.11204767227173,110.102661132812,52.3208122253418,-0.756652891635895,-0.167741566896439,-2.50000047683716,-0.0265216119587421,70
738533.39961525425314903259,51.9283332824707,-0.616586446762085,5.88993453979492,0.100239582359791,-0.000376105308532715,42.4717140197754,-71.2991409301758,43.1543617248535,4.2059211730957,-0.53273469209671,6.37132883071899,109.943183898926,52.2649345397949,-0.709321975708008,0.0551629588007927,-2.50000071525574,-0.0230102110654116,70
738533.39961744775064289570,51.8542251586914,-0.74599415063858,6.05535268783569,0.100239582359791,-0.000376105308532715,42.4717063903809,-71.2990188598633,42.9859886169434,4.13101148605347,-0.478912174701691,7.56509494781494,109.798095703125,52.2119178771973,-0.702130794525146,0.670964956283569,-1.22508668899536,-0.0198045913130045,70
738533.39961968152783811092,51.7696113586426,-0.789469420909882,6.26597499847412,0.100239582359791,-0.000376105308532715,42.4716949462891,-71.2988967895508,42.7973937988281,4.00223302841187,-0.309274137020111,7.57841825485229,109.649765014648,52.1534118652344,-0.723797678947449,0.973877012729645,-0.545305132865906,-0.0165956504642963,70
738533.39962192263919860125,51.6844673156738,-0.798054933547974,6.48236703872681,0.100239582359791,-0.000376105308532715,42.4716835021973,-71.2987747192383,42.606128692627,3.89134168624878,-0.197861984372139,7.54389905929565,109.498054504395,52.0955085754395,-0.761156618595123,1.13260853290558,-0.2443977445364,-0.0135797876864672,70
738533.39962403732351958752,51.6037063598633,-0.798513174057007,6.68535375595093,0.100239582359791,-0.000376105308532715,42.4716720581055,-71.2986602783203,42.421947479248,3.7633204460144,-0.141045466065407,7.01057958602905,109.347099304199,52.0410804748535,-0.801074802875519,1.29887354373932,-0.113160632550716,-0.0109253898262978,70
738533.39962613384705036879,51.5293769836426,-0.792994379997253,6.86490917205811,0.100239582359791,-0.000376105308532715,42.4716644287109,-71.2985458374023,42.2446174621582,3.65596485137939,-0.13895072042942,5.88555192947388,109.19554901123,51.9906959533691,-0.837538003921509,1.30293667316437,-0.0537714809179306,-0.00865881703794003,70
738533.39962838322389870882,51.4581451416016,-0.788428366184235,7.01684617996216,0.100239582359791,-0.000376105308532715,42.4716491699219,-71.2984237670898,42.0555458068848,3.54539561271667,-0.136977434158325,4.12260150909424,109.028495788574,51.9403343200684,-0.871224820613861,1.20642077922821,-0.0242123529314995,-0.00662266975268722,70
738533.39963068615179508924,51.3958168029785,-0.772302865982056,7.11935424804688,0.100239582359791,-0.000376105308532715,42.4716377258301,-71.2983016967773,41.8608055114746,3.40141010284424,-0.0894341021776199,2.05894708633423,108.85139465332,51.8923110961914,-0.899195194244385,0.963448524475098,-0.0105336494743824,-0.00499422335997224,70
738533.39963293494656682014,51.3488235473633,-0.743583917617798,7.15485763549805,0.100239582359791,-0.000376105308532715,42.4716262817383,-71.2981796264648,41.6774444580078,3.21185517311096,-0.0114928930997849,-0.184140056371689,108.677093505859,51.8502311706543,-0.918302774429321,0.632772147655487,-0.00472425483167171,-0.0039238091558218,70
738533.39963519643060863018,51.3156127929688,-0.698085367679596,7.11981630325317,0.100239582359791,-0.000376105308532715,42.4716148376465,-71.2980575561523,41.5001220703125,3.03763628005981,0.0714412331581116,-2.5870361328125,108.494079589844,51.8118858337402,-0.928625166416168,0.212403997778893,-0.00210366887040436,-0.00331483222544193,70
738533.39963744662236422300,51.294002532959,-0.646390736103058,7.02621793746948,0.100239582359791,-0.000376105308532715,42.4716033935547,-71.2979354858398,41.328182220459,2.86751937866211,0.160670265555382,-3.56761407852173,108.297836303711,51.7770233154297,-0.928666114807129,-0.529392719268799,-0.000915854005143046,-0.00313357380218804,70
738533.39963972114492207766,51.2772445678711,-0.581329882144928,6.90591764450073,0.100239582359791,-0.000376105308532715,42.4715919494629,-71.2978134155273,41.1728897094727,2.71330690383911,0.235919654369354,-3.4613721370697,108.102500915527,51.7434577941895,-0.918610215187073,-0.819315433502197,-0.000410298351198435,-0.00329886050894856,70
738533.39964202803093940020,51.2586479187012,-0.508638203144073,6.77954244613647,0.100239582359791,-0.000376105308532715,42.4715766906738,-71.2976913452148,41.0252151489258,2.55984973907471,0.311420470476151,-3.4186098575592,107.894500732422,51.7075424194336,-0.897161304950714,-1.0054966211319,-0.00017738233145792,-0.00371935544535518,70
738533.39964434516150504351,51.2395706176758,-0.436645835638046,6.65596532821655,0.100239582359791,-0.000376105308532715,42.471565246582,-71.2975616455078,40.8929901123047,2.42918181419373,0.316256731748581,-3.16504383087158,107.685111999512,51.6719093322754,-0.865235030651093,-1.14105248451233,-7.7109201811254e-05,-0.00426751095801592,70
738533.39964665810111910105,51.2185287475586,-0.485140115022659,6.58155345916748,0.100239582359791,-0.000376105308532715,42.4715538024902,-71.2974395751953,40.7660140991211,2.30782699584961,-0.0431886948645115,0.0725249052047729,107.477088928223,51.6419410705566,-0.825686454772949,-1.35349607467651,-3.36324665113352e-05,-0.00484368298202753,70
738533.39964895497541874647,51.1940307617188,-0.542671024799347,6.57040500640869,0.100239582359791,-0.000376105308532715,42.4715423583984,-71.2973175048828,40.6244277954102,2.17167019844055,0.0674276873469353,1.64820289611816,107.276336669922,51.6167945861816,-0.792639851570129,-0.675480663776398,-1.48517237903434e-05,-0.0053640604019165,70
738533.39965125720482319593,51.1588706970215,-0.530940532684326,6.60012149810791,0.100239582359791,-0.000376105308532715,42.4715309143066,-71.2971878051758,40.4766464233398,2.01388263702393,0.167202308773994,1.51566302776337,107.073448181152,51.5855941772461,-0.770699560642242,-0.381011039018631,-6.39771042187931e-06,-0.00582531094551086,70
738533.39965350844431668520,51.1249198913574,-0.488134294748306,6.62909698486328,0.100239582359791,-0.000376105308532715,42.4715194702148,-71.2970657348633,40.337574005127,1.87083446979523,0.247733488678932,1.49379932880402,106.875587463379,51.5552177429199,-0.755507290363312,-0.196499556303024,-2.80492554338707e-06,-0.00619794288650155,70
738533.39965577726252377033,51.0943641662598,-0.472611397504807,6.65767335891724,0.100239582359791,-0.000376105308532715,42.471508026123,-71.2969512939453,40.2126159667969,1.76205253601074,0.0960239097476006,1.50191140174866,106.685745239258,51.5284576416016,-0.740476667881012,-0.107272997498512,-1.26954830648174e-06,-0.00650576641783118,70
738533.39965799078345298767,51.0655059814453,-0.477133512496948,6.68715190887451,0.100239582359791,-0.000376105308532715,42.4714965820312,-71.2968292236328,40.0820503234863,1.62168073654175,0.194152757525444,1.47906970977783,106.495971679688,51.5037040710449,-0.725580275058746,-0.0305915810167789,-5.66989740491408e-07,-0.00679350830614567,70
738533.39966026355978101492,51.0366592407227,-0.439173132181168,6.71852684020996,0.100239582359791,-0.000376105308532715,42.4714851379395,-71.2967071533203,39.9551315307617,1.50571191310883,0.254483908414841,1.45896828174591,106.307113647461,51.4788513183594,-0.712339758872986,-0.00119444006122649,-2.51903571779621e-07,-0.00708257639780641,70
738533.39966243226081132889,51.011833190918,-0.420034646987915,6.7507586479187,0.100239582359791,-0.000376105308532715,42.4714775085449,-71.2965927124023,39.839729309082,1.38302540779114,-0.0667457357048988,1.55831205844879,106.125282287598,51.4582977294922,-0.697355329990387,-0.0344536490738392,-1.13883523056302e-07,-0.00738854752853513,70
738533.39966472075320780277,50.9953765869141,-0.520831763744354,6.78466415405273,0.100239582359791,-0.000376105308532715,42.4714622497559,-71.2964706420898,39.7075347900391,1.25590026378632,-0.19993069767952,1.66478502750397,105.941795349121,51.4473648071289,-0.683066189289093,-0.0155400484800339,-5.01660366580836e-08,-0.00774963898584247,70
738533.39966701238881796598,50.982349395752,-0.569976150989532,6.82235956192017,0.100239582359791,-0.000376105308532715,42.4714508056641,-71.2963485717773,39.5641975402832,1.10739314556122,-0.212374955415726,1.66045379638672,105.765510559082,51.4399604797363,-0.679714620113373,0.00781651306897402,-2.23883649397294e-08,-0.00816307403147221,70
738533.39966919948346912861,50.9738426208496,-0.609090924263,6.86109685897827,0.100239582359791,-0.000376105308532715,42.4714393615723,-71.2962265014648,39.4150199890137,0.964536070823669,-0.239255532622337,1.64846241474152,105.594589233398,51.4371299743652,-0.686859965324402,-0.00470673106610775,-1.01351478321021e-08,-0.00864769145846367,70
738533.39967145735863596201,50.9690055847168,-0.638740301132202,6.90150785446167,0.100239582359791,-0.000376105308532715,42.4714279174805,-71.2961044311523,39.2554893493652,0.786980211734772,-0.266441076993942,1.63508927822113,105.420120239258,51.438102722168,-0.702480912208557,-0.0235171765089035,-4.49521131429265e-09,-0.00923663657158613,70
738533.39967368508223444223,50.9667167663574,-0.655199527740479,6.94277858734131,0.100239582359791,-0.000376105308532715,42.4714164733887,-71.2959899902344,39.0923271179199,0.614348709583282,-0.288413196802139,1.61888468265533,105.24439239502,51.441593170166,-0.723168015480042,-0.0628618597984314,-2.00135619188302e-09,-0.0099240280687809,70
738533.39967588509898632765,50.9618530273438,-0.658999979496002,6.98132085800171,0.100239582359791,-0.000376105308532715,42.4714050292969,-71.2958679199219,38.9323806762695,0.458523631095886,-0.299375414848328,1.59646105766296,105.070419311523,51.4420394897461,-0.744928538799286,-0.0694548711180687,-9.14229247861442e-10,-0.0107029872015119,70
738533.39967804716434329748,50.9502754211426,-0.647368669509888,7.01902341842651,0.100239582359791,-0.000376105308532715,42.4713935852051,-71.2957534790039,38.7709350585938,0.305592924356461,-0.29362753033638,1.57179546356201,104.889770507812,51.4355545043945,-0.765802502632141,-0.0703004747629166,-4.12705397634383e-10,-0.0116164805367589,70
738533.39968029828742146492,50.8649291992188,-0.618583559989929,7.04563283920288,0.100239582359791,-0.000376105308532715,42.4713821411133,-71.2956314086914,38.6115264892578,0.155659765005112,-0.26929959654808,1.54731416702271,104.69889831543,51.3543014526367,-0.782764911651611,-0.0452415458858013,-1.84164572480938e-10,-0.0126735148951411,70
738533.39968253648839890957,50.661449432373,0.0106672272086143,7.07100439071655,0.100239582359791,-0.000376105308532715,42.4713706970215,-71.2955093383789,38.5085983276367,0.0491731651127338,0.288144260644913,1.24509406089783,104.488021850586,51.152530670166,-0.785911858081818,0.0936628803610802,-8.31904406473072e-11,-0.0138550391420722,70
738533.39968472847249358892,50.3546104431152,0.449192643165588,7.07181692123413,0.100239582359791,-0.000376105308532715,42.4713592529297,-71.2953948974609,38.5355453491211,0.0673485547304153,0.883330881595612,1.05410552024841,104.232727050781,50.8507537841797,-0.721800446510315,0.373013973236084,-3.75976819122492e-11,-0.0151818161830306,70
738533.39968690532259643078,50.0237808227539,0.437142908573151,7.04638624191284,0.100239582359791,-0.000376105308532715,42.4713478088379,-71.295280456543,38.5869293212891,0.11286373436451,0.906718671321869,0.995780885219574,103.927665710449,50.5195159912109,-0.593944251537323,0.535249292850494,-1.71480156463399e-11,-0.0166439097374678,70
738533.39968909043818712234,49.6945610046387,0.335687398910522,7.01749897003174,0.100239582359791,-0.000376105308532715,42.4713363647461,-71.295166015625,38.624641418457,0.166333004832268,0.819200754165649,0.968374788761139,103.570198059082,50.1887168884277,-0.449006676673889,0.651710569858551,-7.79669818290474e-12,-0.0182677507400513,70
738533.39969126950018107891,49.3757247924805,0.198101118206978,6.99060153961182,0.100239582359791,-0.000376105308532715,42.4713249206543,-71.295051574707,38.6390686035156,0.193258181214333,0.731038928031921,0.941294491291046,103.173675537109,49.8685264587402,-0.323125392198563,0.723270416259766,-3.5817620570866e-12,-0.0200095549225807,70
738533.39969408325850963593,49.0410118103027,0.0328310132026672,6.96377086639404,0.100239582359791,-0.000376105308532715,42.4713134765625,-71.2949295043945,38.6243171691895,0.176745980978012,0.651135563850403,0.869750738143921,102.703735351562,49.5329780578613,-0.226176619529724,0.755459249019623,-1.54896267253596e-12,-0.022042216733098,70
738533.39969629573170095682,48.6479873657227,-0.155203059315681,6.93260192871094,0.100239582359791,-0.000376105308532715,42.4712982177734,-71.2947845458984,38.5620803833008,0.100402742624283,0.557392179965973,0.653387308120728,102.074317932129,49.1397171020508,-0.170980036258698,0.696019887924194,-5.54882474603641e-13,-0.024718526750803,70
738533.39969850424677133560,48.321216583252,0.108903780579567,6.92532587051392,0.100239582359791,-0.000376105308532715,42.4712867736816,-71.294677734375,38.5227813720703,0.0688435435295105,0.768317043781281,-0.0330858491361141,101.56022644043,48.8150825500488,-0.164923593401909,0.661908984184265,-2.56056813122477e-13,-0.0268497690558434,70
738533.39970060065388679504,48.004322052002,0.235412642359734,6.89092874526978,0.100239582359791,-0.000376105308532715,42.4712753295898,-71.2945709228516,38.5258026123047,0.0634019151329994,0.970136344432831,-0.643920719623566,101.02368927002,48.4969635009766,-0.153768166899681,0.507306754589081,-1.19794934605802e-13,-0.0290670748800039,70
738533.39970280090346932411,47.6867065429688,0.216875821352005,6.84070301055908,0.100239582359791,-0.000376105308532715,42.471263885498,-71.2944564819336,38.5379905700684,0.0791588798165321,0.986974000930786,-0.721358895301819,100.438888549805,48.175350189209,-0.127142563462257,0.289629012346268,-5.41476890723262e-14,-0.0315158851444721,70
738533.39970498834736645222,47.3803787231445,0.159878224134445,6.79032468795776,0.100239582359791,-0.000376105308532715,42.4712524414062,-71.2943496704102,38.5404930114746,0.0836166664958,0.939835250377655,-0.638981580734253,99.850715637207,47.8647499084473,-0.0980640277266502,0.0949661806225777,-2.48130051797241e-14,-0.0340214855968952,70
738533.39970721025019884109,47.0656929016113,0.183561131358147,6.74665641784668,0.100239582359791,-0.000376105308532715,42.4712409973145,-71.2942428588867,38.5375823974609,0.0595132485032082,0.957914531230927,-0.555286645889282,99.2451705932617,47.5471382141113,-0.07513627409935,-0.0602698400616646,-1.12171141719206e-14,-0.0366590023040771,70
738533.39970933890435844660,46.7723197937012,0.166184037923813,6.70809412002563,0.100239582359791,-0.000376105308532715,42.4712295532227,-71.2941360473633,38.5414810180664,0.0756458267569542,0.994545936584473,-0.506007194519043,98.6448516845703,47.2512016296387,-0.0561305433511734,-0.143485799431801,-5.13914370856971e-15,-0.0393258146941662,70
738533.39971149025950580835,46.4955596923828,0.127928212285042,6.669349193573,0.100239582359791,-0.000376105308532715,42.4712181091309,-71.2940292358398,38.5336532592773,0.0713971182703972,0.935953557491302,-0.446095794439316,98.0477600097656,46.9716262817383,-0.0429792031645775,-0.250114351511002,-2.35879914030541e-15,-0.0420518517494202,70
738533.39971375791355967522,46.2009048461914,0.193829640746117,6.64022445678711,0.100239582359791,-0.000376105308532715,42.4712066650391,-71.2939147949219,38.5314712524414,0.0618830695748329,1.00852990150452,-0.40191975235939,97.4165191650391,46.6760520935059,-0.0355446301400661,-0.334573984146118,-1.02555594055822e-15,-0.0450275167822838,70
738533.39971595944371074438,45.9336318969727,0.164455950260162,6.6082444190979,0.100239582359791,-0.000376105308532715,42.4711952209473,-71.2938079833984,38.5361633300781,0.0813064873218536,1.01420366764069,-0.378057837486267,96.8293609619141,46.4068374633789,-0.026973657310009,-0.358994692564011,-1.27097344398499,-0.0478724613785744,70
738533.39971817540936172009,45.6804962158203,0.0519969612360001,6.56645965576172,0.100239582359791,-0.000376105308532715,42.4711837768555,-71.293701171875,38.5200233459473,0.0727424696087837,0.87191241979599,-0.342941403388977,96.2551193237305,46.1500701904297,-0.022814717143774,-0.387975543737411,-1.9394257068634,-0.0507662147283554,70
738533.39972032257355749607,45.403076171875,0.218767359852791,6.54479360580444,0.100239582359791,-0.000376105308532715,42.4711723327637,-71.2935943603516,38.514949798584,0.0563833676278591,1.0353194475174,-0.31144380569458,95.6780014038086,45.8728828430176,-0.0268969405442476,-0.406723201274872,-2.24993062019348,-0.0537935793399811,70
738533.39972254680469632149,45.1534194946289,0.170387342572212,6.50943470001221,0.100239582359791,-0.000376105308532715,42.4711647033691,-71.2934951782227,38.5228576660156,0.0701169297099113,1.04003655910492,-0.288599938154221,95.1322860717773,45.620532989502,-0.0229249726980925,-0.348794460296631,-2.38481068611145,-0.0567543618381023,70
738533.39972483459860086441,44.882568359375,0.221795335412025,6.47688484191895,0.100239582359791,-0.000376105308532715,42.4711532592773,-71.2933807373047,38.5265312194824,0.0520101301372051,1.05050492286682,-0.302775293588638,94.5572738647461,45.3480339050293,-0.0165341552346945,-0.331111401319504,-2.44995474815369,-0.0599820055067539,70
738533.39972700201906263828,44.6431617736816,0.102053917944431,6.43610858917236,0.100239582359791,-0.000376105308532715,42.4711418151855,-71.2932815551758,38.5306587219238,0.0931643024086952,1.01215422153473,-0.283755004405975,94.0252075195312,45.1048316955566,-0.00812245346605778,-0.25743505358696,-2.47716307640076,-0.0630487725138664,70
738533.39972915104590356350,44.4090232849121,0.105440326035023,6.40794467926025,0.100239582359791,-0.000376105308532715,42.4711303710938,-71.2931823730469,38.5085372924805,0.0514692366123199,0.910880148410797,0.0619551502168179,93.5249481201172,44.8690795898438,-0.0101070879027247,-0.309099644422531,-2.48928070068359,-0.0660424083471298,70
738533.39973136421758681536,44.1553611755371,0.24883759021759,6.39975357055664,0.100239582359791,-0.000376105308532715,42.471118927002,-71.2930755615234,38.5168685913086,0.0550876781344414,1.14064681529999,0.37023863196373,93.0029296875,44.6174240112305,-0.0142245488241315,-0.133580729365349,-2.49518942832947,-0.0692465379834175,70
738533.39973355608526617289,43.919605255127,0.215929016470909,6.38610315322876,0.100239582359791,-0.000376105308532715,42.4711112976074,-71.2929763793945,38.5299110412598,0.059834398329258,1.10847389698029,0.24535009264946,92.5001373291016,44.3819885253906,-0.00752229290083051,-0.0137011632323265,-2.49779915809631,-0.0724089816212654,70
738533.39973578322678804398,43.6820945739746,0.169519752264023,6.367751121521,0.100239582359791,-0.000376105308532715,42.4710998535156,-71.2928695678711,38.5336990356445,0.0594138614833355,1.0481458902359,0.158579498529434,91.990104675293,44.1441078186035,0.00118642300367355,0.0427799411118031,-2.499018907547,-0.0757260546088219,70
738533.39973798580467700958,43.4540634155273,0.132002651691437,6.34901905059814,0.100239582359791,-0.000376105308532715,42.4710884094238,-71.2927703857422,38.5318183898926,0.0678415447473526,1.02404201030731,0.0910716727375984,91.5023651123047,43.9156379699707,0.00541833462193608,0.0683360397815704,-2.4995539188385,-0.0790155231952667,70
738533.39974020025692880154,43.2325401306152,0.0629552751779556,6.32838869094849,0.100239582359791,-0.000376105308532715,42.471076965332,-71.2926712036133,38.5191688537598,0.0729068219661713,0.964054882526398,0.017241733148694,91.0243072509766,43.6933059692383,0.00303329061716795,0.0742848962545395,-2.49979734420776,-0.0823663845658302,70
738533.39974236348643898964,43.0078544616699,0.111898645758629,6.30927753448486,0.100239582359791,-0.000376105308532715,42.4710655212402,-71.2925720214844,38.5032157897949,0.0530739314854145,1.00292944908142,-0.0264333616942167,90.5566177368164,43.4683227539062,-0.00725718075409532,0.0483104363083839,-2.49990797042847,-0.0857758373022079,70
738533.39974438818171620369,42.7925910949707,0.251593261957169,6.29640531539917,0.100239582359791,-0.000376105308532715,42.4710578918457,-71.29248046875,38.5127029418945,0.05222088098526,1.17370617389679,-0.059253815561533,90.1270751953125,43.2540626525879,-0.0131971575319767,0.0270567126572132,-2.49995613098145,-0.0889986008405685,70
738533.39974664675537496805,42.5855407714844,0.0958816930651665,6.27008581161499,0.100239582359791,-0.000376105308532715,42.4710464477539,-71.2923812866211,38.514892578125,0.0634752660989761,1.03181326389313,-0.078058585524559,89.6709136962891,43.0447616577148,-0.00906392093747854,0.026796692982316,-2.49997973442078,-0.0925333797931671,70
738533.39974885992705821991,42.3588562011719,0.218241184949875,6.25225019454956,0.100239582359791,-0.000376105308532715,42.4710350036621,-71.2922821044922,38.5129852294922,0.0344287194311619,1.11002099514008,-0.113193020224571,89.2137908935547,42.8183479309082,-0.00889354106038809,-0.015926169231534,-2.49999117851257,-0.0962086170911789,70
738533.39975105912890285254,42.1442565917969,0.204998016357422,6.23103332519531,0.100239582359791,-0.000376105308532715,42.4710273742676,-71.2921829223633,38.5309829711914,0.0678641498088837,1.17455208301544,-0.167762160301208,88.7659759521484,42.6028900146484,-0.00178438087459654,-0.00748209515586495,-2.49999570846558,-0.0999120026826859,70
738533.39975328417494893074,41.9395751953125,0.0715677067637444,6.20198965072632,0.100239582359791,-0.000376105308532715,42.4710159301758,-71.2920837402344,38.5210647583008,0.0610214695334435,0.987604737281799,-0.196973636746407,88.3206176757812,42.3957290649414,0.00431468291208148,-0.0367408134043217,-2.49999809265137,-0.103732645511627,70
738533.39975542784668505192,41.7350387573242,0.132801860570908,6.1796760559082,0.100239582359791,-0.000376105308532715,42.471004486084,-71.2919921875,38.5124588012695,0.0557894669473171,1.06255352497101,-0.210279613733292,87.9046401977539,42.1902770996094,0.000194055042811669,-0.0518651232123375,-2.49999904632568,-0.107418105006218,70
738533.39975778141524642706,41.5158348083496,0.147222876548767,6.15301752090454,0.100239582359791,-0.000376105308532715,42.4709930419922,-71.2918853759766,38.5079078674316,0.0486520603299141,1.08055806159973,-0.24268114566803,87.452766418457,41.9695816040039,-0.00516400951892138,-0.0572209656238556,-2.49999904632568,-0.111545100808144,70
738533.39975991356186568737,41.3088798522949,0.199032172560692,6.12915134429932,0.100239582359791,-0.000376105308532715,42.4709854125977,-71.2917938232422,38.5141906738281,0.0485184155404568,1.1474461555481,-0.275227338075638,87.0354766845703,41.7615814208984,-0.00656740926206112,-0.0657492652535439,-2.5,-0.115443542599678,70
738533.39976207830477505922,41.1093559265137,0.191163793206215,6.10218906402588,0.100239582359791,-0.000376105308532715,42.4709739685059,-71.2917022705078,38.5219764709473,0.0458593443036079,1.13462889194489,-0.268948942422867,86.6251831054688,41.5602264404297,-0.00232504424639046,-0.0764340236783028,-2.5,-0.119362682104111,70
738533.39976417017169296741,40.9229469299316,0.110500067472458,6.07407331466675,0.100239582359791,-0.000376105308532715,42.4709625244141,-71.2916107177734,38.5225868225098,0.0583869479596615,1.06622588634491,-0.252340227365494,86.23193359375,41.3714179992676,0.00271471869200468,-0.0754644051194191,-2.50000023841858,-0.123199924826622,70
738533.39976628043223172426,40.7375793457031,0.0380374751985073,6.04524564743042,0.100239582359791,-0.000376105308532715,42.4709548950195,-71.2915191650391,38.5068397521973,0.0604692585766315,0.977152109146118,-0.235863223671913,85.8406372070312,41.1836967468262,0.000668519700411707,-0.0816632285714149,-2.5,-0.127126336097717,70
738533.39976844401098787785,40.5432510375977,0.150622189044952,6.02036571502686,0.100239582359791,-0.000376105308532715,42.4709434509277,-71.2914276123047,38.4949340820312,0.0371297225356102,1.07589268684387,-0.21339176595211,85.4568176269531,40.9880790710449,-0.00929783470928669,-0.0927015319466591,-2.5,-0.131078526377678,70
738533.39977065182756632566,40.3437423706055,0.168323442339897,5.99275684356689,0.100239582359791,-0.000376105308532715,42.4709358215332,-71.2913360595703,38.5008201599121,0.0485153384506702,1.1487889289856,-0.205795466899872,85.0519256591797,40.786750793457,-0.0135595100000501,-0.0726181864738464,-2.50000047683716,-0.135313510894775,70
738533.39977280108723789454,40.1501617431641,0.197841256856918,5.96385812759399,0.100239582359791,-0.000376105308532715,42.4709243774414,-71.2912368774414,38.507209777832,0.040885966271162,1.14726579189301,-0.326040834188461,84.6615905761719,40.5911598205566,-0.0112257525324821,-0.060726560652256,-2.50000047683716,-0.139452710747719,70
738533.39977487293072044849,39.9726905822754,0.171051874756813,5.9353084564209,0.100239582359791,-0.000376105308532715,42.4709167480469,-71.2911529541016,38.5146713256836,0.050780888646841,1.1335756778717,-0.392821580171585,84.2956314086914,40.4113006591797,-0.0050235940143466,-0.0725926235318184,-2.50000047683716,-0.143381118774414,70
738533.39977717527654021978,39.7790412902832,0.0794915333390236,5.90032339096069,0.100239582359791,-0.000376105308532715,42.4709053039551,-71.2910537719727,38.5093269348145,0.0544638186693192,1.03649699687958,-0.359711229801178,83.8841094970703,40.2143287658691,-7.74149011704139e-05,-0.0865920558571815,-2.5,-0.147889986634254,70
738533.39977940765675157309,39.5895805358887,0.108438320457935,5.86969375610352,0.100239582359791,-0.000376105308532715,42.4708938598633,-71.2909622192383,38.5011749267578,0.0575909279286861,1.06439936161041,-0.310921549797058,83.4989929199219,40.0224914550781,-0.00283079268410802,-0.1041344627738,-2.5,-0.152171567082405,70
738533.39978175237774848938,39.3917274475098,0.133081451058388,5.83641052246094,0.100239582359791,-0.000376105308532715,42.4708862304688,-71.2908706665039,38.4902420043945,0.0389726646244526,1.0575784444809,-0.314040511846542,83.0971145629883,39.8219757080078,-0.00932121183723211,-0.101751051843166,-2.5,-0.156723022460938,70
738533.39978409977629780769,39.187858581543,0.192294374108315,5.80341100692749,0.100239582359791,-0.000376105308532715,42.470874786377,-71.290771484375,38.5010223388672,0.0491611994802952,1.18813157081604,-0.342949628829956,82.6910552978516,39.6157150268555,-0.0109872119501233,-0.0911429449915886,-2.50000047683716,-0.161355674266815,70
738533.39978637406602501869,38.9989051818848,0.101025000214577,5.76773500442505,0.100239582359791,-0.000376105308532715,42.4708633422852,-71.2906799316406,38.4973106384277,0.0440784841775894,1.05156934261322,-0.362214237451553,82.2952575683594,39.4232368469238,-0.00738567067310214,-0.0964315459132195,-2.50000095367432,-0.165914252400398,70
738533.39978855976369231939,38.8093070983887,0.151825606822968,5.73395586013794,0.100239582359791,-0.000376105308532715,42.4708557128906,-71.2905883789062,38.4957695007324,0.0427306815981865,1.11978852748871,-0.390106499195099,81.9166564941406,39.2309036254883,-0.00771106360480189,-0.095368318259716,-2.49999976158142,-0.170323207974434,70
738533.39979076420422643423,38.6243019104004,0.206889748573303,5.69750499725342,0.100239582359791,-0.000376105308532715,42.4708442687988,-71.2904968261719,38.5022048950195,0.0313325561583042,1.18334519863129,-0.512139856815338,81.5478286743164,39.0428123474121,-0.00577178504317999,-0.08231320977211,-2.49999976158142,-0.17464080452919,70
738533.39979295758530497551,38.4465179443359,0.172522842884064,5.65826940536499,0.100239582359791,-0.000376105308532715,42.4708366394043,-71.2904052734375,38.5149002075195,0.0494961105287075,1.18633460998535,-0.637293696403503,81.1816635131836,38.8610420227051,0.00182355451397598,-0.0844793096184731,-2.49999976158142,-0.178931415081024,70
738533.39979506435338407755,38.2748184204102,0.11047188192606,5.61711549758911,0.100239582359791,-0.000376105308532715,42.4708290100098,-71.2903213500977,38.5104942321777,0.0424602888524532,1.07226610183716,-0.724220097064972,80.8222045898438,38.6849555969238,0.00729378312826157,-0.108360946178436,-2.5,-0.183175668120384,70
738533.39979732234496623278,38.0930976867676,0.121471144258976,5.57436037063599,0.100239582359791,-0.000376105308532715,42.470817565918,-71.2902297973633,38.5050239562988,0.0394526533782482,1.09666550159454,-0.829238176345825,80.4508972167969,38.4989929199219,0.00597706064581871,-0.117277942597866,-2.49999976158142,-0.1876011043787,70
738533.39979955286253243685,37.9099388122559,0.178428441286087,5.53129529953003,0.100239582359791,-0.000376105308532715,42.4708099365234,-71.2901458740234,38.5088081359863,0.0367169454693794,1.16793608665466,-0.905407905578613,80.0837173461914,38.3117561340332,0.00398563081398606,-0.136058375239372,-2.49999976158142,-0.191984012722969,70
738533.39980190584901720285,37.7283515930176,0.0868101865053177,5.48261022567749,0.100239582359791,-0.000376105308532715,42.4707984924316,-71.2900466918945,38.5063209533691,0.0457174703478813,1.07808589935303,-0.928847312927246,79.6990051269531,38.1247291564941,0.0044547114521265,-0.158368945121765,-2.49999976158142,-0.196575000882149,70
738533.39980411867145448923,37.5527267456055,0.0823440924286842,5.43756675720215,0.100239582359791,-0.000376105308532715,42.4707908630371,-71.2899627685547,38.4965782165527,0.0466774813830853,1.07364690303802,-0.952297985553741,79.3380508422852,37.944450378418,-0.00013386647333391,-0.174868062138557,-2.5,-0.200885310769081,70
738533.39980633382219821215,37.3772354125977,0.0895052775740623,5.39198017120361,0.100239582359791,-0.000376105308532715,42.4707794189453,-71.2898712158203,38.4857597351074,0.043482419103384,1.08028411865234,-0.977399468421936,78.978515625,37.7642593383789,-0.00802300311625004,-0.179014876484871,-2.49999976158142,-0.205170527100563,70
738533.39980854745954275131,37.2041053771973,0.151311963796616,5.34787607192993,0.100239582359791,-0.000376105308532715,42.4707717895508,-71.2897872924805,38.4813575744629,0.0300700701773167,1.14994859695435,-0.996176958084106,78.6317443847656,37.5868072509766,-0.0152343194931746,-0.171615540981293,-2.5,-0.20927582681179,70
738533.39981088764034211636,37.0172805786133,0.224333986639977,5.29974555969238,0.100239582359791,-0.000376105308532715,42.470760345459,-71.2896957397461,38.496208190918,0.0362816415727139,1.26037991046906,-1.10655283927917,78.2587738037109,37.3954086303711,-0.0139709180220962,-0.148972555994987,-2.50000047683716,-0.213632941246033,70
738533.39981294749304652214,36.859489440918,0.088265135884285,5.24572420120239,0.100239582359791,-0.000376105308532715,42.4707527160645,-71.2896118164062,38.498218536377,0.0485016778111458,1.10943949222565,-1.42907881736755,77.917366027832,37.2309989929199,-0.00583531009033322,-0.157712712883949,-2.50000047683716,-0.217552155256271,70
738533.39981517277192324400,36.6918449401855,0.0951611697673798,5.18912124633789,0.100239582359791,-0.000376105308532715,42.4707450866699,-71.2895278930664,38.4879913330078,0.0383149422705173,1.08377254009247,-1.69012320041656,77.5721740722656,37.0570831298828,-0.00501491688191891,-0.204238042235374,-2.50000023841858,-0.22150245308876,70
738533.39981748815625905991,36.5138664245605,0.133233606815338,5.12472295761108,0.100239582359791,-0.000376105308532715,42.4707374572754,-71.2894439697266,38.4844932556152,0.0297917332500219,1.16075968742371,-1.95714318752289,77.2086181640625,36.8719825744629,-0.00805475004017353,-0.226725161075592,-2.50000023841858,-0.225604578852654,70
738533.39981973404064774513,36.3378639221191,0.195313408970833,5.05136823654175,0.100239582359791,-0.000376105308532715,42.4707260131836,-71.2893524169922,38.4921989440918,0.0286189708858728,1.23536360263824,-2.46880292892456,76.8564529418945,36.687801361084,-0.00747335143387318,-0.27549085021019,-2.50000023841858,-0.229471355676651,70
738533.39982197689823806286,36.1698684692383,0.176751837134361,4.97216558456421,0.100239582359791,-0.000376105308532715,42.4707183837891,-71.2892684936523,38.5026016235352,0.0388160794973373,1.17714309692383,-3.06907224655151,76.5074234008789,36.5104522705078,-0.000666923122480512,-0.395936489105225,-2.49999976158142,-0.233184054493904,70
738533.39982416899874806404,36.0031700134277,0.172059565782547,4.89016675949097,0.100239582359791,-0.000376105308532715,42.4707107543945,-71.2891845703125,38.5116920471191,0.0455142222344875,1.11221742630005,-3.57247400283813,76.160888671875,36.3341674804688,0.00763251213356853,-0.560385704040527,-2.49999976158142,-0.236755639314651,70
738533.39982635295018553734,35.849967956543,0.110799998044968,4.81874322891235,0.100239582359791,-0.000376105308532715,42.470703125,-71.2891082763672,38.5130805969238,0.0508907958865166,0.983285844326019,-3.38880515098572,75.8285522460938,36.1725425720215,0.0138344475999475,-0.735234618186951,-2.50000071525574,-0.240052253007889,70
738533.39982848963700234890,35.6923141479492,0.0665452480316162,4.75038385391235,0.100239582359791,-0.000376105308532715,42.4706954956055,-71.2890243530273,38.5044822692871,0.0465474203228951,0.937750637531281,-2.71853041648865,75.487548828125,36.0071067810059,0.0131617449223995,-0.788134694099426,-2.50000047683716,-0.243301510810852,70
738533.39983068336732685566,35.539234161377,0.0361663699150085,4.68393516540527,0.100239582359791,-0.000376105308532715,42.4706878662109,-71.2889404296875,38.4890556335449,0.0391711033880711,0.969627499580383,-2.08415222167969,75.1563262939453,35.8465843200684,0.0049022282473743,-0.727361798286438,-2.5,-0.246291995048523,70
738533.39983287907671183348,35.3792304992676,0.132151797413826,4.6247730255127,0.100239582359791,-0.000376105308532715,42.4706802368164,-71.2888565063477,38.4825744628906,0.0297629609704018,1.100182056427,-1.67592537403107,74.8302459716797,35.6804695129395,-0.00625134492293,-0.58961945772171,-2.5,-0.249053299427032,70
738533.39983514568302780390,35.2148399353027,0.138260394334793,4.56502294540405,0.100239582359791,-0.000376105308532715,42.4706726074219,-71.2887725830078,38.485523223877,0.0339326150715351,1.14132165908813,-1.29674434661865,74.4837188720703,35.5097694396973,-0.0109796347096562,-0.475340217351913,-2.5,-0.251777112483978,70
738533.39983732579275965691,35.0512313842773,0.144259467720985,4.53441619873047,0.100239582359791,-0.000376105308532715,42.4706649780273,-71.2886962890625,38.4879570007324,0.0265080817043781,1.12677896022797,-0.158391639590263,74.1484832763672,35.3436050415039,-0.0105684557929635,-0.493379056453705,-2.5,-0.254208713769913,70
738533.39983973931521177292,34.8751945495605,0.159397438168526,4.53003406524658,0.100239582359791,-0.000376105308532715,42.4706573486328,-71.2886047363281,38.4934921264648,0.0310448948293924,1.16633880138397,1.36899948120117,73.7998962402344,35.1685333251953,-0.00704240193590522,-0.306471258401871,-2.5,-0.256537586450577,70
738533.39984188182279467583,34.8377952575684,0.145492494106293,4.52403402328491,0.100239582359791,-0.000376105308532715,42.4706535339355,-71.2885894775391,38.4944877624512,0.0363379940390587,1.16500782966614,1.39262700080872,73.7217636108398,35.130615234375,-0.00585118168964982,-0.216240391135216,-2.5,-0.257035046815872,70
738533.39984392141923308372,34.8377952575684,0.145492494106293,4.52403402328491,0.100239582359791,-0.000376105308532715,42.4706535339355,-71.2885894775391,38.4944877624512,0.0363379940390587,1.16500782966614,1.39262700080872,73.7217636108398,35.130615234375,-0.00585118168964982,-0.216240391135216,-2.5,-0.257035046815872,70
738533.39984599989838898182,34.8377952575684,0.145492494106293,4.52403402328491,0.100239582359791,-0.000376105308532715,42.4706535339355,-71.2885894775391,38.4944877624512,0.0363379940390587,1.16500782966614,1.39262700080872,73.7217636108398,35.130615234375,-0.00585118168964982,-0.216240391135216,-2.5,-0.257035046815872,70
738533.39984812156762927771,34.8377952575684,0.145492494106293,4.52403402328491,0.100239582359791,-0.000376105308532715,42.4706535339355,-71.2885894775391,38.4944877624512,0.0363379940390587,1.16500782966614,1.39262700080872,73.7217636108398,35.130615234375,-0.00585118168964982,-0.216240391135216,-2.5,-0.257035046815872,70
738533.39985017001163214445,34.8377952575684,0.145492494106293,4.52403402328491,0.100239582359791,-0.000376105308532715,42.4706535339355,-71.2885894775391,38.4944877624512,0.0363379940390587,1.16500782966614,1.39262700080872,73.7217636108398,35.130615234375,-0.00585118168964982,-0.216240391135216,-2.5,-0.257035046815872,70
738533.39985230017919093370,34.8377952575684,0.145492494106293,4.52403402328491,0.100239582359791,-0.000376105308532715,42.4706535339355,-71.2885894775391,38.4944877624512,0.0363379940390587,1.16500782966614,1.39262700080872,73.7217636108398,35.130615234375,-0.00585118168964982,-0.216240391135216,-2.5,-0.257035046815872,70
738533.39985436352435499430,34.8377952575684,0.145492494106293,4.52403402328491,0.100239582359791,-0.000376105308532715,42.4706535339355,-71.2885894775391,38.4944877624512,0.0363379940390587,1.16500782966614,1.39262700080872,73.7217636108398,35.130615234375,-0.00585118168964982,-0.216240391135216,-2.5,-0.257035046815872,70
738533.39985641778912395239,34.8377952575684,0.145492494106293,4.52403402328491,0.100239582359791,-0.000376105308532715,42.4706535339355,-71.2885894775391,38.4944877624512,0.0363379940390587,1.16500782966614,1.39262700080872,73.7217636108398,35.130615234375,-0.00585118168964982,-0.216240391135216,-2.5,-0.257035046815872,70
738533.39985843049362301826,34.8377952575684,0.145492494106293,4.52403402328491,0.100239582359791,-0.000376105308532715,42.4706535339355,-71.2885894775391,38.4944877624512,0.0363379940390587,1.16500782966614,1.39262700080872,73.7217636108398,35.130615234375,-0.00585118168964982,-0.216240391135216,-2.5,-0.257035046815872,70
738533.39986054005566984415,34.8377952575684,0.145492494106293,4.52403402328491,0.100239582359791,-0.000376105308532715,42.4706535339355,-71.2885894775391,38.4944877624512,0.0363379940390587,1.16500782966614,1.39262700080872,73.7217636108398,35.130615234375,-0.00585118168964982,-0.216240391135216,-2.5,-0.257035046815872,70
738533.39986259862780570984,34.8377952575684,0.145492494106293,4.52403402328491,0.100239582359791,-0.000376105308532715,42.4706535339355,-71.2885894775391,38.4944877624512,0.0363379940390587,1.16500782966614,1.39262700080872,73.7217636108398,35.130615234375,-0.00585118168964982,-0.216240391135216,-2.5,-0.257035046815872,70
738533.39986472285818308592,34.8377952575684,0.145492494106293,4.52403402328491,0.100239582359791,-0.000376105308532715,42.4706535339355,-71.2885894775391,38.4944877624512,0.0363379940390587,1.16500782966614,1.39262700080872,73.7217636108398,35.130615234375,-0.00585118168964982,-0.216240391135216,-2.5,-0.257035046815872,70
738533.39986679202411323786,34.8377952575684,0.145492494106293,4.52403402328491,0.100239582359791,-0.000376105308532715,42.4706535339355,-71.2885894775391,38.4944877624512,0.0363379940390587,1.16500782966614,1.39262700080872,73.7217636108398,35.130615234375,-0.00585118168964982,-0.216240391135216,-2.5,-0.257035046815872,70
738533.39986893453169614077,34.8377952575684,0.145492494106293,4.52403402328491,0.100239582359791,-0.000376105308532715,42.4706535339355,-71.2885894775391,38.4944877624512,0.0363379940390587,1.16500782966614,1.39262700080872,73.7217636108398,35.130615234375,-0.00585118168964982,-0.216240391135216,-2.5,-0.257035046815872,70
738533.39987112383823841810,34.8377952575684,0.145492494106293,4.52403402328491,0.100239582359791,-0.000376105308532715,42.4706535339355,-71.2885894775391,38.4944877624512,0.0363379940390587,1.16500782966614,1.39262700080872,73.7217636108398,35.130615234375,-0.00585118168964982,-0.216240391135216,-2.5,-0.257035046815872,70
738533.39987319207284599543,34.8377952575684,0.145492494106293,4.52403402328491,0.100239582359791,-0.000376105308532715,42.4706535339355,-71.2885894775391,38.4944877624512,0.0363379940390587,1.16500782966614,1.39262700080872,73.7217636108398,35.130615234375,-0.00585118168964982,-0.216240391135216,-2.5,-0.257035046815872,70
738533.39987541595473885536,34.8377952575684,0.145492494106293,4.52403402328491,0.100239582359791,-0.000376105308532715,42.4706535339355,-71.2885894775391,38.4944877624512,0.0363379940390587,1.16500782966614,1.39262700080872,73.7217636108398,35.130615234375,-0.00585118168964982,-0.216240391135216,-2.5,-0.257035046815872,70
738533.39987757976632565260,34.8377952575684,0.145492494106293,4.52403402328491,0.100239582359791,-0.000376105308532715,42.4706535339355,-71.2885894775391,38.4944877624512,0.0363379940390587,1.16500782966614,1.39262700080872,73.7217636108398,35.130615234375,-0.00585118168964982,-0.216240391135216,-2.5,-0.257035046815872,70
738533.39987974474206566811,34.8377952575684,0.145492494106293,4.52403402328491,0.100239582359791,-0.000376105308532715,42.4706535339355,-71.2885894775391,38.4944877624512,0.0363379940390587,1.16500782966614,1.39262700080872,73.7217636108398,35.130615234375,-0.00585118168964982,-0.216240391135216,-2.5,-0.257035046815872,70
